1	4 
2	19 
3	16 
4	20 
5	14 
6	26 
7	18 
8	19 
9	17 
10	3 
11	2 
12	24 
13	9 
14	4 
15	3 
16	11 
17	23 
18	14 
19	20 
20	17 
21	23 
22	6 
23	7 
24	1 
25	23 
26	14 
27	1 
28	9 
29	3 
30	2 
31	18 
32	9 
33	19 
34	9 
35	15 
36	6 
37	12 
38	12 
39	24 
40	6 
41	17 
42	3 
43	12 
44	17 
45	9 
46	25 
47	20 
48	12 
49	9 
50	11 
51	6 
52	19 
53	7 
54	24 
55	1 
56	5 
57	25 
58	15 
59	2 
60	8 
61	12 
62	2 
63	7 
64	24 
65	12 
66	10 
67	25 
68	10 
69	14 
70	5 
71	26 
72	23 
73	17 
74	16 
75	4 
76	5 
77	11 
78	23 
79	13 
80	6 
81	9 
82	22 
83	5 
84	20 
85	26 
86	14 
87	21 
88	10 
89	15 
90	26 
91	13 
92	12 
93	19 
94	22 
95	14 
96	1 
97	3 
98	22 
99	3 
100	13 
101	5 
102	10 
103	6 
104	25 
105	18 
106	6 
107	18 
108	12 
109	7 
110	1 
111	4 
112	20 
113	12 
114	5 
115	24 
116	26 
117	13 
118	25 
119	22 
120	11 
121	6 
122	21 
123	12 
124	21 
125	24 
126	20 
127	17 
128	18 
129	24 
130	1 
131	13 
132	23 
133	12 
134	26 
135	19 
136	21 
137	10 
138	25 
139	1 
140	4 
141	15 
142	21 
143	12 
144	24 
145	21 
146	14 
147	10 
148	7 
149	26 
150	8 
151	4 
152	14 
153	23 
154	3 
155	26 
156	4 
157	3 
158	8 
159	14 
160	8 
161	9 
162	3 
163	13 
164	8 
165	8 
166	17 
167	26 
168	1 
169	23 
170	16 
171	14 
172	13 
173	10 
174	23 
175	17 
176	10 
177	12 
178	25 
179	2 
180	19 
181	19 
182	21 
183	11 
184	19 
185	13 
186	20 
187	23 
188	21 
189	25 
190	22 
191	4 
192	19 
193	19 
194	6 
195	7 
196	26 
197	10 
198	19 
199	1 
200	9 
201	9 
202	4 
203	14 
204	25 
205	15 
206	1 
207	2 
208	25 
209	14 
210	15 
211	17 
212	17 
213	4 
214	13 
215	5 
216	15 
217	9 
218	23 
219	4 
220	12 
221	25 
222	13 
223	15 
224	19 
225	25 
226	24 
227	8 
228	12 
229	17 
230	22 
231	5 
232	9 
233	22 
234	6 
235	2 
236	11 
237	8 
238	26 
239	10 
240	18 
241	18 
242	8 
243	26 
244	17 
245	18 
246	24 
247	19 
248	10 
249	15 
250	23 
251	1 
252	11 
253	4 
254	21 
255	17 
256	15 
257	22 
258	18 
259	13 
260	1 
261	5 
262	3 
263	22 
264	7 
265	26 
266	1 
267	4 
268	7 
269	7 
270	1 
271	9 
272	17 
273	13 
274	12 
275	5 
276	25 
277	6 
278	21 
279	11 
280	5 
281	12 
282	23 
283	5 
284	11 
285	14 
286	22 
287	14 
288	16 
289	7 
290	21 
291	8 
292	3 
293	11 
294	25 
295	12 
296	7 
297	17 
298	16 
299	9 
300	11 
301	9 
302	21 
303	8 
304	19 
305	8 
306	14 
307	18 
308	17 
309	20 
310	1 
311	25 
312	6 
313	20 
314	12 
315	15 
316	12 
317	8 
318	9 
319	5 
320	13 
321	14 
322	19 
323	10 
324	15 
325	24 
326	25 
327	2 
328	17 
329	16 
330	21 
331	22 
332	7 
333	16 
334	11 
335	20 
336	21 
337	17 
338	2 
339	4 
340	4 
341	14 
342	20 
343	18 
344	23 
345	26 
346	23 
347	1 
348	10 
349	4 
350	13 
351	25 
352	20 
353	5 
354	24 
355	6 
356	21 
357	15 
358	9 
359	20 
360	11 
361	25 
362	14 
363	10 
364	10 
365	25 
366	24 
367	23 
368	16 
369	24 
370	15 
371	20 
372	15 
373	10 
374	14 
375	10 
376	2 
377	3 
378	2 
379	24 
380	16 
381	9 
382	15 
383	9 
384	3 
385	21 
386	18 
387	5 
388	3 
389	22 
390	17 
391	7 
392	23 
393	2 
394	14 
395	5 
396	6 
397	6 
398	16 
399	2 
400	21 
401	1 
402	26 
403	3 
404	26 
405	21 
406	19 
407	9 
408	11 
409	18 
410	23 
411	17 
412	22 
413	12 
414	6 
415	22 
416	8 
417	1 
418	16 
419	12 
420	17 
421	21 
422	15 
423	26 
424	5 
425	5 
426	2 
427	24 
428	24 
429	21 
430	17 
431	23 
432	11 
433	16 
434	22 
435	8 
436	18 
437	10 
438	3 
439	13 
440	10 
441	22 
442	24 
443	23 
444	15 
445	17 
446	16 
447	8 
448	21 
449	2 
450	24 
451	22 
452	18 
453	2 
454	17 
455	26 
456	23 
457	3 
458	2 
459	24 
460	14 
461	16 
462	11 
463	18 
464	5 
465	21 
466	21 
467	5 
468	12 
469	10 
470	14 
471	23 
472	4 
473	24 
474	4 
475	9 
476	24 
477	15 
478	6 
479	18 
480	26 
481	3 
482	20 
483	6 
484	10 
485	6 
486	24 
487	4 
488	4 
489	2 
490	2 
491	13 
492	19 
493	26 
494	1 
495	11 
496	4 
497	23 
498	16 
499	4 
500	23 
501	6 
502	17 
503	13 
504	6 
505	16 
506	15 
507	17 
508	22 
509	20 
510	17 
511	21 
512	13 
513	14 
514	20 
515	13 
516	1 
517	17 
518	3 
519	10 
520	7 
521	24 
522	24 
523	8 
524	8 
525	24 
526	6 
527	16 
528	2 
529	11 
530	15 
531	18 
532	19 
533	4 
534	26 
535	22 
536	20 
537	19 
538	16 
539	15 
540	20 
541	14 
542	1 
543	16 
544	24 
545	19 
546	11 
547	1 
548	2 
549	19 
550	17 
551	10 
552	4 
553	15 
554	23 
555	6 
556	18 
557	23 
558	11 
559	24 
560	10 
561	7 
562	7 
563	24 
564	16 
565	23 
566	22 
567	19 
568	12 
569	8 
570	3 
571	11 
572	18 
573	21 
574	16 
575	23 
576	11 
577	9 
578	4 
579	10 
580	22 
581	2 
582	26 
583	13 
584	8 
585	25 
586	24 
587	4 
588	7 
589	12 
590	2 
591	22 
592	13 
593	25 
594	8 
595	9 
596	2 
597	23 
598	10 
599	12 
600	2 
601	16 
602	17 
603	25 
604	1 
605	6 
606	8 
607	8 
608	7 
609	24 
610	24 
611	24 
612	1 
613	19 
614	26 
615	11 
616	10 
617	3 
618	26 
619	5 
620	15 
621	20 
622	14 
623	19 
624	10 
625	8 
626	13 
627	20 
628	22 
629	15 
630	22 
631	20 
632	24 
633	20 
634	17 
635	22 
636	11 
637	9 
638	19 
639	13 
640	25 
641	26 
642	9 
643	24 
644	16 
645	15 
646	5 
647	13 
648	3 
649	11 
650	23 
651	18 
652	26 
653	3 
654	5 
655	25 
656	15 
657	25 
658	7 
659	21 
660	8 
661	13 
662	26 
663	26 
664	2 
665	18 
666	15 
667	10 
668	25 
669	19 
670	5 
671	25 
672	5 
673	17 
674	14 
675	3 
676	21 
677	13 
678	17 
679	18 
680	3 
681	7 
682	7 
683	21 
684	12 
685	22 
686	21 
687	22 
688	8 
689	11 
690	20 
691	4 
692	20 
693	14 
694	1 
695	19 
696	7 
697	9 
698	16 
699	6 
700	13 
701	8 
702	4 
703	10 
704	6 
705	20 
706	11 
707	8 
708	22 
709	18 
710	25 
711	10 
712	26 
713	10 
714	13 
715	7 
716	16 
717	20 
718	5 
719	13 
720	17 
721	1 
722	5 
723	1 
724	6 
725	21 
726	8 
727	11 
728	4 
729	7 
730	5 
731	16 
732	13 
733	6 
734	7 
735	2 
736	6 
737	6 
738	5 
739	14 
740	13 
741	3 
742	5 
743	13 
744	19 
745	24 
746	5 
747	18 
748	23 
749	9 
750	18 
751	18 
752	26 
753	19 
754	15 
755	24 
756	17 
757	4 
758	2 
759	5 
760	16 
761	25 
762	7 
763	16 
764	12 
765	2 
766	16 
767	18 
768	23 
769	16 
770	20 
771	19 
772	11 
773	9 
774	19 
775	21 
776	17 
777	17 
778	1 
779	3 
780	9 
781	3 
782	5 
783	20 
784	7 
785	19 
786	18 
787	7 
788	16 
789	14 
790	3 
791	26 
792	11 
793	14 
794	26 
795	14 
796	7 
797	11 
798	24 
799	21 
800	21 
801	24 
802	13 
803	10 
804	23 
805	20 
806	9 
807	10 
808	9 
809	1 
810	1 
811	8 
812	20 
813	12 
814	5 
815	7 
816	16 
817	3 
818	7 
819	11 
820	15 
821	26 
822	10 
823	23 
824	3 
825	13 
826	1 
827	26 
828	11 
829	14 
830	15 
831	18 
832	18 
833	25 
834	15 
835	20 
836	25 
837	13 
838	24 
839	11 
840	11 
841	10 
842	18 
843	18 
844	17 
845	1 
846	3 
847	7 
848	14 
849	7 
850	13 
851	20 
852	26 
853	11 
854	3 
855	13 
856	13 
857	14 
858	3 
859	24 
860	8 
861	9 
862	3 
863	7 
864	5 
865	8 
866	23 
867	26 
868	21 
869	23 
870	18 
871	5 
872	19 
873	19 
874	9 
875	10 
876	7 
877	8 
878	11 
879	14 
880	26 
881	19 
882	11 
883	20 
884	10 
885	5 
886	7 
887	7 
888	14 
889	23 
890	19 
891	11 
892	20 
893	14 
894	8 
895	20 
896	11 
897	19 
898	3 
899	7 
900	10 
901	10 
902	3 
903	26 
904	26 
905	13 
906	9 
907	8 
908	5 
909	11 
910	11 
911	24 
912	24 
913	26 
914	19 
915	13 
916	20 
917	10 
918	19 
919	11 
920	26 
921	13 
922	20 
923	26 
924	5 
925	20 
926	9 
927	10 
928	5 
929	20 
930	20 
931	5 
932	26 
933	3 
934	8 
935	5 
936	8 
937	20 
938	3 
939	5 
940	20 
941	10 
942	19 
943	19 
944	8 
945	8 
946	5 
947	3 
948	13 
949	13 
950	8 
951	8 
952	13 
953	3 
954	19 
955	20 
956	3 
957	8 
958	8 
959	8 
960	19 
961	3 
962	5 
963	13 
964	20 
965	9 
966	9 
967	8 
968	8 
969	13 
970	19 
971	3 
972	19 
973	3 
974	19 
975	3 
976	13 
977	13 
978	3 
979	13 
980	9 
981	8 
982	9 
983	9 
984	8 
985	9 
986	9 
987	8 
988	9 
989	13 
990	9 
991	8 
992	9 
993	9 
994	9 
995	9 
996	9 
997	9 
998	9 
999	9 
1000	9 
