82 94 98 119 190 230 233 257 263 286 331 389 412 415 434 441 451 508 535 566 580 591 628 630 635 685 687 708 
17 21 25 72 78 132 153 169 174 187 218 250 282 344 346 367 392 410 431 443 456 471 497 500 554 557 565 575 597 650 748 768 804 823 866 869 889 
12 39 54 64 115 125 129 144 226 246 325 354 366 369 379 427 428 442 450 459 473 476 486 521 522 525 544 559 563 586 609 610 611 632 643 745 755 798 801 838 859 911 912 
46 57 67 104 118 138 178 189 204 208 221 225 276 294 311 326 351 361 365 585 593 603 640 655 657 668 671 710 761 833 836 
6 71 85 90 116 134 149 155 167 196 238 243 265 345 402 404 423 455 480 493 534 582 614 618 641 652 662 663 712 752 791 794 821 827 852 867 880 903 904 913 920 923 932 
66 68 88 102 137 147 173 176 197 239 248 323 348 363 364 373 375 437 440 469 484 519 551 560 579 598 616 624 667 703 711 713 803 807 822 841 875 884 900 901 917 927 941 
16 50 77 120 183 236 252 279 284 293 300 334 360 408 432 462 495 529 546 558 571 576 615 636 649 689 706 727 772 792 797 819 828 839 840 853 878 882 891 896 909 910 919 
37 38 43 48 61 65 92 108 113 123 133 143 177 220 228 274 281 295 314 316 413 419 468 568 589 599 684 764 813 
79 91 100 117 131 163 172 185 214 222 259 273 320 350 439 491 503 512 515 583 592 626 639 647 661 677 700 714 719 732 740 743 802 825 837 850 855 856 905 915 921 948 949 952 963 969 976 977 979 989 
5 18 26 69 86 95 146 152 159 171 203 209 285 287 306 321 341 362 374 394 460 470 513 541 622 674 693 739 789 793 795 829 848 857 879 888 893 
35 58 89 141 205 210 216 223 249 256 315 324 357 370 372 382 422 444 477 506 530 539 553 620 629 645 656 666 754 820 830 834 
3 74 170 288 298 329 333 368 380 398 418 433 446 461 498 505 527 538 543 564 574 601 644 698 716 731 760 763 766 769 788 816 
9 20 41 44 73 127 166 175 211 212 229 244 255 272 297 308 328 337 390 411 420 430 445 454 502 507 510 517 550 602 634 673 678 720 756 776 777 844 
7 31 105 107 128 240 241 245 258 307 343 386 409 436 452 463 479 531 556 572 651 665 679 709 747 750 751 767 786 831 832 842 843 870 
2 8 33 52 93 135 180 181 184 192 193 198 224 247 304 322 406 492 532 537 545 549 567 613 623 638 669 695 744 753 771 774 785 872 873 881 890 897 914 918 942 943 954 960 970 972 974 
24 27 55 96 110 130 139 168 199 206 251 260 266 270 310 347 401 417 494 516 542 547 604 612 694 721 723 778 809 810 826 845 
11 30 59 62 179 207 235 327 338 376 378 393 399 426 449 453 458 489 490 528 548 581 590 596 600 664 735 758 765 
10 15 29 42 97 99 154 157 162 262 292 377 384 388 403 438 457 481 518 570 617 648 653 675 680 741 779 781 790 817 824 846 854 858 862 898 902 933 938 947 953 956 961 971 973 975 978 
1 14 75 111 140 151 156 191 202 213 219 253 267 339 340 349 472 474 487 488 496 499 533 552 578 587 691 702 728 757 
56 70 76 83 101 114 215 231 261 275 280 283 319 353 387 395 424 425 464 467 619 646 654 670 672 718 722 730 738 742 746 759 782 814 864 871 885 908 924 928 931 935 939 946 962 
22 36 40 51 80 103 106 121 194 234 277 312 355 396 397 414 478 483 485 501 504 526 555 605 699 704 724 733 736 737 
23 53 63 109 148 195 264 268 269 289 296 332 391 520 561 562 588 608 658 681 682 696 715 729 734 762 784 787 796 815 818 847 849 863 876 886 887 899 
60 150 158 160 164 165 227 237 242 291 303 305 317 416 435 447 523 524 569 584 594 606 607 625 660 688 701 707 726 811 860 865 877 894 907 934 936 944 945 950 951 957 958 959 967 968 981 984 987 991 
13 28 32 34 45 49 81 161 200 201 217 232 271 299 301 318 358 381 383 407 475 577 595 637 642 697 749 773 780 806 808 861 874 906 926 965 966 980 982 983 985 986 988 990 992 993 994 995 996 997 998 999 1000 
4 19 47 84 112 126 186 309 313 335 342 352 359 371 482 509 514 536 540 621 627 631 633 690 692 705 717 770 783 805 812 835 851 883 892 895 916 922 925 929 930 937 940 955 964 
87 122 124 136 142 145 182 188 254 278 290 302 330 336 356 385 400 405 421 429 448 465 466 511 573 659 676 683 686 725 775 799 800 868 
