1	6 
2	11 
3	17 
4	9 
5	12 
6	10 
7	6 
8	10 
9	13 
10	19 
11	14 
12	5 
13	14 
14	6 
15	3 
16	17 
17	11 
18	14 
19	18 
20	6 
21	16 
22	5 
23	14 
24	6 
25	19 
26	11 
27	14 
28	12 
29	15 
30	9 
31	16 
32	14 
33	7 
34	4 
35	19 
36	10 
37	19 
38	10 
39	9 
40	7 
41	10 
42	5 
43	1 
44	5 
45	4 
46	16 
47	19 
48	9 
49	16 
50	3 
51	10 
52	18 
53	9 
54	16 
55	18 
56	5 
57	1 
58	6 
59	17 
60	8 
61	11 
62	14 
63	6 
64	4 
65	5 
66	10 
67	7 
68	6 
69	6 
70	7 
71	13 
72	6 
73	5 
74	19 
75	6 
76	5 
77	8 
78	19 
79	12 
80	17 
81	6 
82	4 
83	4 
84	16 
85	9 
86	12 
87	17 
88	9 
89	14 
90	2 
91	16 
92	4 
93	12 
94	8 
95	9 
96	19 
97	12 
98	1 
99	14 
100	16 
101	10 
102	7 
103	17 
104	10 
105	17 
106	14 
107	6 
108	18 
109	17 
110	2 
111	4 
112	6 
113	7 
114	17 
115	6 
116	4 
117	9 
118	18 
119	11 
120	18 
121	11 
122	1 
123	4 
124	16 
125	5 
126	15 
127	5 
128	6 
129	19 
130	5 
131	16 
132	17 
133	11 
134	12 
135	1 
136	9 
137	9 
138	16 
139	6 
140	4 
141	17 
142	6 
143	14 
144	6 
145	11 
146	3 
147	12 
148	9 
149	11 
150	18 
151	11 
152	8 
153	17 
154	3 
155	17 
156	4 
157	6 
158	5 
159	9 
160	13 
161	16 
162	11 
163	12 
164	4 
165	12 
166	2 
167	16 
168	5 
169	7 
170	4 
171	13 
172	18 
173	9 
174	1 
175	11 
176	8 
177	9 
178	5 
179	1 
180	10 
181	13 
182	6 
183	17 
184	2 
185	10 
186	2 
187	13 
188	4 
189	16 
190	5 
191	5 
192	11 
193	1 
194	14 
195	5 
196	4 
197	17 
198	17 
199	6 
200	6 
201	14 
202	15 
203	16 
204	4 
205	4 
206	19 
207	14 
208	10 
209	11 
210	5 
211	17 
212	16 
213	3 
214	7 
215	6 
216	4 
217	4 
218	14 
219	15 
220	10 
221	11 
222	5 
223	17 
224	14 
225	2 
226	12 
227	9 
228	17 
229	9 
230	10 
231	16 
232	18 
233	11 
234	3 
235	9 
236	19 
237	10 
238	19 
239	6 
240	3 
241	2 
242	4 
243	4 
244	19 
245	14 
246	18 
247	14 
248	5 
249	17 
250	1 
251	12 
252	18 
253	19 
254	3 
255	16 
256	17 
257	6 
258	2 
259	4 
260	18 
261	13 
262	2 
263	8 
264	11 
265	19 
266	8 
267	2 
268	10 
269	12 
270	19 
271	4 
272	5 
273	5 
274	14 
275	2 
276	6 
277	17 
278	17 
279	15 
280	4 
281	6 
282	9 
283	17 
284	6 
285	2 
286	11 
287	11 
288	8 
289	4 
290	9 
291	4 
292	8 
293	8 
294	16 
295	11 
296	16 
297	13 
298	19 
299	6 
300	10 
301	6 
302	16 
303	16 
304	14 
305	9 
306	10 
307	17 
308	16 
309	9 
310	11 
311	17 
312	2 
313	14 
314	11 
315	9 
316	3 
317	10 
318	6 
319	4 
320	15 
321	13 
322	11 
323	1 
324	9 
325	3 
326	4 
327	11 
328	16 
329	6 
330	11 
331	16 
332	5 
333	4 
334	19 
335	11 
336	4 
337	1 
338	4 
339	17 
340	19 
341	17 
342	5 
343	5 
344	2 
345	3 
346	17 
347	15 
348	17 
349	6 
350	11 
351	4 
352	8 
353	9 
354	6 
355	2 
356	13 
357	16 
358	15 
359	5 
360	4 
361	3 
362	4 
363	6 
364	16 
365	6 
366	9 
367	6 
368	9 
369	19 
370	19 
371	4 
372	5 
373	3 
374	2 
375	11 
376	11 
377	3 
378	19 
379	17 
380	19 
381	18 
382	16 
383	9 
384	14 
385	14 
386	14 
387	19 
388	16 
389	16 
390	9 
391	7 
392	2 
393	15 
394	16 
395	16 
396	4 
397	11 
398	6 
399	9 
400	13 
401	4 
402	5 
403	17 
404	6 
405	5 
406	15 
407	2 
408	17 
409	18 
410	8 
411	5 
412	14 
413	6 
414	7 
415	7 
416	8 
417	14 
418	4 
419	6 
420	2 
421	16 
422	8 
423	17 
424	12 
425	11 
426	19 
427	17 
428	10 
429	16 
430	13 
431	17 
432	5 
433	19 
434	17 
435	19 
436	3 
437	10 
438	17 
439	4 
440	18 
441	3 
442	16 
443	7 
444	3 
445	12 
446	9 
447	17 
448	19 
449	5 
450	13 
451	14 
452	16 
453	9 
454	16 
455	14 
456	6 
457	9 
458	7 
459	1 
460	7 
461	5 
462	16 
463	15 
464	8 
465	4 
466	11 
467	19 
468	4 
469	15 
470	12 
471	17 
472	19 
473	4 
474	14 
475	14 
476	5 
477	17 
478	15 
479	17 
480	1 
481	9 
482	1 
483	2 
484	4 
485	6 
486	10 
487	11 
488	18 
489	7 
490	10 
491	2 
492	4 
493	19 
494	5 
495	13 
496	18 
497	11 
498	12 
499	6 
500	6 
501	17 
502	16 
503	18 
504	6 
505	1 
506	5 
507	5 
508	17 
509	5 
510	12 
511	5 
512	7 
513	2 
514	8 
515	19 
516	13 
517	2 
518	4 
519	17 
520	5 
521	10 
522	13 
523	15 
524	9 
525	19 
526	15 
527	17 
528	10 
529	9 
530	7 
531	16 
532	15 
533	2 
534	5 
535	4 
536	5 
537	16 
538	14 
539	5 
540	11 
541	19 
542	10 
543	18 
544	16 
545	9 
546	6 
547	15 
548	17 
549	9 
550	2 
551	3 
552	5 
553	19 
554	8 
555	11 
556	19 
557	6 
558	6 
559	11 
560	16 
561	1 
562	10 
563	17 
564	14 
565	2 
566	15 
567	8 
568	5 
569	9 
570	10 
571	6 
572	3 
573	19 
574	16 
575	3 
576	13 
577	6 
578	12 
579	10 
580	17 
581	5 
582	9 
583	6 
584	11 
585	16 
586	16 
587	5 
588	17 
589	9 
590	9 
591	5 
592	14 
593	8 
594	6 
595	17 
596	7 
597	10 
598	2 
599	3 
600	6 
601	5 
602	4 
603	2 
604	4 
605	17 
606	6 
607	6 
608	5 
609	9 
610	4 
611	10 
612	17 
613	4 
614	19 
615	4 
616	15 
617	8 
618	19 
619	6 
620	6 
621	14 
622	19 
623	15 
624	14 
625	12 
626	16 
627	2 
628	9 
629	5 
630	19 
631	9 
632	8 
633	16 
634	6 
635	9 
636	17 
637	1 
638	11 
639	18 
640	19 
641	5 
642	5 
643	13 
644	6 
645	6 
646	1 
647	2 
648	6 
649	11 
650	11 
651	4 
652	11 
653	5 
654	17 
655	18 
656	17 
657	16 
658	5 
659	11 
660	1 
661	7 
662	17 
663	13 
664	18 
665	9 
666	14 
667	16 
668	11 
669	5 
670	2 
671	1 
672	14 
673	17 
674	19 
675	8 
676	12 
677	6 
678	11 
679	7 
680	16 
681	6 
682	10 
683	2 
684	19 
685	13 
686	4 
687	18 
688	13 
689	10 
690	13 
691	5 
692	5 
693	16 
694	13 
695	3 
696	7 
697	4 
698	5 
699	12 
700	12 
701	4 
702	3 
703	13 
704	11 
705	6 
706	19 
707	12 
708	11 
709	7 
710	2 
711	1 
712	16 
713	16 
714	2 
715	6 
716	7 
717	9 
718	9 
719	9 
720	9 
721	6 
722	6 
723	17 
724	6 
725	13 
726	5 
727	9 
728	1 
729	1 
730	13 
731	13 
732	17 
733	11 
734	4 
735	14 
736	14 
737	8 
738	13 
739	4 
740	17 
741	6 
742	19 
743	17 
744	8 
745	9 
746	2 
747	3 
748	8 
749	5 
750	9 
751	17 
752	10 
753	6 
754	5 
755	2 
756	5 
757	13 
758	5 
759	14 
760	8 
761	19 
762	19 
763	4 
764	8 
765	8 
766	14 
767	16 
768	9 
769	5 
770	9 
771	16 
772	6 
773	16 
774	4 
775	9 
776	9 
777	17 
778	11 
779	13 
780	7 
781	6 
782	19 
783	16 
784	15 
785	7 
786	4 
787	7 
788	17 
789	4 
790	9 
791	5 
792	11 
793	17 
794	19 
795	8 
796	14 
797	6 
798	19 
799	4 
800	4 
801	17 
802	6 
803	5 
804	18 
805	4 
806	19 
807	5 
808	5 
809	11 
810	4 
811	4 
812	19 
813	17 
814	10 
815	15 
816	9 
817	18 
818	8 
819	3 
820	18 
821	10 
822	9 
823	9 
824	15 
825	9 
826	11 
827	5 
828	2 
829	9 
830	11 
831	17 
832	14 
833	1 
834	11 
835	6 
836	4 
837	13 
838	2 
839	4 
840	10 
841	11 
842	8 
843	5 
844	6 
845	4 
846	7 
847	6 
848	11 
849	5 
850	7 
851	14 
852	3 
853	16 
854	8 
855	17 
856	11 
857	5 
858	5 
859	10 
860	13 
861	4 
862	14 
863	17 
864	17 
865	12 
866	16 
867	19 
868	11 
869	6 
870	17 
871	16 
872	7 
873	9 
874	17 
875	7 
876	7 
877	11 
878	17 
879	12 
880	19 
881	17 
882	2 
883	18 
884	5 
885	17 
886	2 
887	17 
888	11 
889	13 
890	3 
891	11 
892	3 
893	17 
894	6 
895	10 
896	1 
897	18 
898	8 
899	6 
900	18 
901	3 
902	4 
903	8 
904	3 
905	19 
906	4 
907	11 
908	8 
909	3 
910	17 
911	19 
912	11 
913	6 
914	9 
915	13 
916	19 
917	19 
918	11 
919	15 
920	10 
921	11 
922	19 
923	16 
924	11 
925	13 
926	6 
927	16 
928	17 
929	6 
930	4 
931	12 
932	1 
933	9 
934	11 
935	13 
936	13 
937	8 
938	17 
939	19 
940	9 
941	16 
942	5 
943	4 
944	16 
945	14 
946	9 
947	16 
948	2 
949	13 
950	11 
951	7 
952	2 
953	11 
954	2 
955	14 
956	17 
957	14 
958	1 
959	2 
960	17 
961	8 
962	6 
963	10 
964	8 
965	6 
966	17 
967	6 
968	19 
969	17 
970	17 
971	11 
972	17 
973	8 
974	5 
975	5 
976	19 
977	6 
978	17 
979	17 
980	11 
981	17 
982	11 
983	5 
984	6 
985	5 
986	11 
987	5 
988	9 
989	17 
990	18 
991	13 
992	5 
993	7 
994	19 
995	4 
996	16 
997	13 
998	9 
999	8 
1000	8 
