2 17 26 61 119 121 133 145 149 151 162 175 192 209 221 233 264 286 287 295 310 314 322 327 330 335 350 375 376 397 425 466 487 497 540 555 559 584 638 649 650 652 659 668 678 704 708 733 778 792 809 826 830 834 841 848 856 868 877 888 891 907 912 918 921 924 934 950 953 971 980 982 986 
5 28 79 86 93 97 134 147 163 165 226 251 269 424 445 470 498 510 578 625 676 699 700 707 865 879 931 
9 71 160 171 181 187 261 297 321 356 400 430 450 495 516 522 576 643 663 685 688 690 694 703 725 730 731 738 757 779 837 860 889 915 925 935 936 949 991 997 
11 13 18 23 27 32 62 89 99 106 143 194 201 207 218 224 245 247 274 304 313 384 385 386 412 417 451 455 474 475 538 564 592 621 624 666 672 735 736 759 766 796 832 851 862 945 955 957 
29 126 202 219 279 320 347 358 393 406 463 469 478 523 526 532 547 566 616 623 784 815 824 919 
21 31 46 49 54 84 91 100 124 131 138 161 167 189 203 212 231 255 294 296 302 303 308 328 331 357 364 382 388 389 394 395 421 429 442 452 454 462 502 531 537 544 560 574 585 586 626 633 657 667 680 693 712 713 767 771 773 783 853 866 871 923 927 941 944 947 996 
3 16 59 80 87 103 105 109 114 132 141 153 155 183 197 198 211 223 228 249 256 277 278 283 307 311 339 341 346 348 379 403 408 423 427 431 434 438 447 471 477 479 501 508 519 527 548 563 580 588 595 605 612 636 654 656 662 673 723 732 740 743 751 777 788 793 801 813 831 855 863 864 870 874 878 881 885 887 893 910 928 938 956 960 966 969 970 972 978 979 981 989 
19 52 55 108 118 120 150 172 232 246 252 260 381 409 440 488 496 503 543 639 655 664 687 804 817 820 883 897 900 990 
10 25 35 37 47 74 78 96 129 206 236 238 244 253 265 270 298 334 340 369 370 378 380 387 426 433 435 448 467 472 493 515 525 541 553 556 573 614 618 622 630 640 674 684 706 742 761 762 782 794 798 806 812 867 880 905 911 916 917 922 939 968 976 994 
43 57 98 122 135 174 179 193 250 323 337 459 480 482 505 561 637 646 660 671 711 728 729 833 896 932 958 
90 110 166 184 186 225 241 258 262 267 275 285 312 344 355 374 392 407 420 483 491 513 517 533 550 565 598 603 627 647 670 683 710 714 746 755 828 838 882 886 948 952 954 959 
15 50 146 154 213 234 240 254 316 325 345 361 373 377 436 441 444 551 572 575 599 695 702 747 819 852 890 892 901 904 909 
34 45 64 82 83 92 111 116 123 140 156 164 170 188 196 204 205 216 217 242 243 259 271 280 289 291 319 326 333 336 338 351 360 362 371 396 401 418 439 465 468 473 484 492 518 535 602 604 610 613 615 651 686 697 701 734 739 763 774 786 789 799 800 805 810 811 836 839 845 861 902 906 930 943 995 
12 22 42 44 56 65 73 76 125 127 130 158 168 178 190 191 195 210 222 248 272 273 332 342 343 359 372 402 405 411 432 449 461 476 494 506 507 509 511 520 534 536 539 552 568 581 587 591 601 608 629 641 642 653 658 669 691 692 698 726 749 754 756 758 769 791 803 807 808 827 843 849 857 858 884 942 974 975 983 985 987 992 
1 7 14 20 24 58 63 68 69 72 75 81 107 112 115 128 139 142 144 157 182 199 200 215 239 257 276 281 284 299 301 318 329 349 354 363 365 367 398 404 413 419 456 485 499 500 504 546 557 558 571 577 583 594 600 606 607 619 620 634 644 645 648 677 681 705 715 721 722 724 741 753 772 781 797 802 835 844 847 869 894 899 913 926 929 962 965 967 977 984 
33 40 67 70 102 113 169 214 391 414 415 443 458 460 489 512 530 596 661 679 696 709 716 780 785 787 846 850 872 875 876 951 993 
60 77 94 152 176 263 266 288 292 293 352 410 416 422 464 514 554 567 593 617 632 675 737 744 748 760 764 765 795 818 842 854 898 903 908 937 961 964 973 999 1000 
4 30 39 48 53 85 88 95 117 136 137 148 159 173 177 227 229 235 282 290 305 309 315 324 353 366 368 383 390 399 446 453 457 481 524 529 545 549 569 582 589 590 609 628 631 635 665 717 718 719 720 727 745 750 768 770 775 776 790 816 822 823 825 829 873 914 933 940 946 988 998 
6 8 36 38 41 51 66 101 104 180 185 208 220 230 237 268 300 306 317 428 437 486 490 521 528 542 562 570 579 597 611 682 689 752 814 821 840 859 895 920 963 
