53 62 92 156 164 211 238 256 374 394 424 429 455 497 510 632 663 687 711 741 755 810 812 845 849 854 889 899 903 908 
21 57 79 81 121 176 196 200 272 334 356 370 413 456 537 
49 84 99 115 153 206 248 269 357 437 475 492 496 522 562 569 610 726 734 743 777 778 817 826 830 838 839 872 
7 10 29 76 111 143 283 309 378 388 412 473 494 624 668 685 693 713 739 747 763 805 821 822 
23 162 233 320 333 339 396 403 452 483 542 574 616 617 629 637 659 698 714 716 733 784 791 823 850 
5 30 40 118 139 249 262 263 299 336 420 464 485 
2 72 77 95 109 116 123 136 203 253 
125 142 168 195 277 296 305 314 319 387 436 505 517 536 563 674 694 699 
13 117 141 212 288 295 304 323 372 376 416 439 511 590 592 596 613 634 650 686 732 794 
3 27 48 145 169 217 245 312 313 327 369 379 401 426 453 459 477 508 554 576 667 675 682 683 703 707 721 729 735 782 786 793 833 840 912 923 936 943 963 964 973 974 975 985 986 1000 
6 24 56 65 85 128 180 199 209 235 
12 26 55 126 166 182 193 267 341 389 404 446 481 488 518 578 618 679 744 753 771 789 798 801 835 878 885 900 
28 66 93 94 100 105 179 181 230 257 266 340 347 432 555 580 
43 51 97 138 229 250 251 284 349 385 427 474 490 521 534 559 577 653 700 754 
33 37 54 108 129 202 215 226 275 328 342 361 
103 110 157 192 260 265 382 442 509 524 545 558 583 615 619 621 636 702 708 776 819 832 837 844 867 875 890 891 898 902 907 913 916 921 922 924 926 928 938 940 949 959 962 977 979 994 995 
4 25 34 50 102 149 218 297 318 353 367 438 454 466 503 550 570 582 614 665 
14 38 151 210 219 227 280 310 316 329 354 409 468 506 532 544 581 676 720 749 757 768 787 799 806 846 871 901 930 935 939 942 
8 74 140 216 317 321 411 465 566 591 609 633 652 669 673 689 690 719 736 780 824 827 847 857 863 
11 83 155 271 325 371 407 422 458 553 565 604 645 671 678 681 723 731 764 770 790 825 828 856 862 865 886 
17 69 177 224 247 364 375 399 425 478 495 571 599 602 722 742 746 758 761 766 769 795 807 
31 75 80 88 160 173 201 221 270 282 331 352 397 410 415 519 528 530 539 585 603 643 715 774 815 881 893 905 911 
22 41 61 68 73 91 96 146 190 300 
47 63 89 122 135 163 172 184 246 252 254 291 303 311 335 362 418 441 450 460 471 527 533 546 548 597 605 606 608 635 658 725 772 797 851 868 879 897 918 919 934 945 954 966 968 976 983 987 992 
16 36 59 86 114 174 261 276 330 344 380 383 395 431 433 538 584 601 656 664 696 709 724 767 802 843 855 860 873 880 894 914 917 933 944 946 951 957 971 984 989 990 998 
98 198 223 243 273 386 392 440 469 484 502 507 572 611 620 627 639 
1 18 19 67 183 292 298 355 360 405 414 470 489 535 589 598 623 640 644 660 672 773 779 803 
45 58 60 71 112 147 214 278 306 322 398 400 463 514 586 587 607 642 
52 113 124 158 187 241 279 351 393 402 406 408 419 423 588 625 628 630 688 692 701 706 710 750 775 874 877 887 888 909 915 927 929 931 932 960 978 981 982 988 999 
9 44 78 131 170 185 232 274 326 348 472 560 561 568 728 759 765 785 811 818 820 831 848 853 864 
32 35 194 231 234 239 293 324 338 430 447 480 529 556 567 631 654 661 
42 148 150 167 204 205 391 445 457 499 515 516 525 526 
87 101 119 132 363 377 390 479 551 575 579 647 657 662 680 695 704 740 745 751 752 762 781 
70 82 104 137 161 165 236 244 258 290 345 373 549 552 557 573 593 612 638 705 712 727 792 808 813 836 842 882 884 895 896 904 910 937 941 947 950 953 955 956 958 965 967 969 970 980 993 996 
20 39 154 208 222 242 285 307 358 359 384 462 498 513 520 531 655 677 684 697 717 730 748 760 783 814 829 834 841 858 869 870 876 883 892 925 948 952 961 972 991 997 
106 171 188 207 264 289 337 366 448 491 543 547 594 641 648 651 666 691 718 738 756 788 800 816 852 859 861 866 906 920 
220 240 255 294 301 417 449 467 487 500 512 523 540 564 595 600 622 626 649 737 796 804 809 
107 178 259 268 315 365 381 421 434 443 444 482 504 
46 64 134 144 152 159 175 189 197 302 308 428 
120 127 130 186 213 225 228 332 350 368 435 461 486 501 541 646 670 
15 90 133 191 237 281 286 287 343 346 451 476 493 
