1 10 6.5795169496
1 11 10.6600358178
1 13 6.91714463866
1 31 6.37576713063
1 49 6.53720450461
1 62 5.69802882298
1 65 7.58098043579
1 76 9.16698497028
1 79 6.93375245282
1 101 5.85205735981
1 103 6.36284762976
1 110 9.09090909091
1 139 6.53720450461
2 46 6.0858061945
2 123 8.11107105654
2 124 5.59016994375
2 131 4.53143254429
2 135 6.00841768126
2 143 7.01862406344
3 4 6.16626415978
3 6 5.85205735981
3 14 5.97614304667
3 23 5.74484989621
3 29 7.0359754473
3 31 6.21369766001
3 33 5.3760333057
3 38 5.63436169819
3 45 11.1803398875
3 57 6.56532164299
3 60 6.415002991
3 62 6.44156626401
3 65 6.5795169496
3 87 6.36284762976
3 88 7.19815750749
3 100 7.01862406344
3 109 8.36242010007
3 125 14.2857142857
4 14 6.07456739231
4 38 5.50481882563
4 45 7.88110406239
4 87 5.12989176043
4 100 5.50481882563
4 125 5.3760333057
4 272 5.53848775622
4 285 4.96291666985
4 286 5.13665496938
4 289 5.31494003453
4 293 6.00841768126
4 295 5.91312395989
4 311 4.92067831305
4 328 6.8199433947
4 333 5.42326144547
4 334 6.60818600455
4 335 6.27455805138
5 7 7.49531688996
5 8 14.2857142857
5 15 5.76390417704
5 44 7.08881205008
5 64 9.49157995752
5 69 7.55928946018
5 122 9.01669634667
5 123 8.77058019307
5 127 8.4818892968
5 129 8.08452083454
5 134 5.76390417704
5 140 6.96733014292
5 143 7.47435092752
5 301 8.11107105654
6 33 6.0858061945
6 45 6.32455532034
6 56 5.4392829322
6 57 6.13139339485
6 88 6.07456739231
6 125 6.637233116
6 285 4.29933580392
7 8 7.08881205008
7 13 9.05357460425
7 35 6.10847221782
7 64 8.73704056661
7 69 9.49157995752
7 71 9.20574617898
7 76 7.0359754473
7 79 6.31194403098
7 105 7.41249316661
7 113 7.58098043579
7 114 8.24786098842
7 121 7.2547625011
7 122 6.75737378399
7 127 18.5695338177
7 129 10.4828483672
7 137 8.98026510134
7 140 8.16496580928
8 19 7.35214622094
8 27 9.90147542977
8 44 10.0
8 50 9.53462589246
8 64 11.0431526075
8 67 7.93051585718
8 69 9.90147542977
8 105 7.39221270955
8 121 6.33724250524
8 122 9.44911182523
8 123 14.2857142857
8 127 7.95557284176
8 129 11.4707866935
8 140 10.976425999
8 143 9.12870929175
8 301 8.13788458771
9 16 9.3250480824
9 26 6.93375245282
9 46 7.53778361444
9 54 5.8321184352
9 63 5.8321184352
9 66 10.7832773203
9 112 5.70730145535
9 119 5.92348877759
9 131 4.6373889576
9 135 5.00626174322
9 184 4.66760028009
9 191 4.23333756667
10 13 6.53720450461
10 25 7.76150525706
10 40 8.67109969524
10 49 14.5864991498
10 74 5.32246295412
10 77 6.52328073053
10 93 9.66736489046
10 101 8.4818892968
10 103 6.68153104781
10 104 8.45154254729
10 110 7.10669054519
10 115 6.96733014292
10 116 8.73704056661
10 118 7.01862406344
10 139 17.9605302027
11 13 6.95048046857
11 49 5.22708373489
11 65 7.95557284176
11 76 9.16698497028
11 79 6.8041381744
11 101 5.62543950463
11 103 6.5795169496
11 110 6.52328073053
12 15 13.8675049056
12 17 6.88428390822
12 25 5.98684340089
12 35 5.36828127095
12 40 6.83585927025
12 83 10.7211253484
12 94 9.01669634667
12 104 8.24786098842
12 115 7.08881205008
12 122 8.57492925713
12 133 9.66736489046
12 137 8.19231920519
13 25 6.90065559342
13 30 8.13788458771
13 34 6.62266178533
13 48 7.88110406239
13 58 8.42151921067
13 76 21.3200716356
13 77 7.39221270955
13 79 12.598815767
13 103 6.83585927025
13 113 9.12870929175
13 114 13.4839972493
13 115 7.33235575107
13 127 8.73704056661
13 132 6.60818600455
13 137 7.53778361444
13 139 7.64719112902
13 301 7.62492851663
14 23 9.57826285221
14 31 7.27392967453
14 33 5.62543950463
14 45 7.58098043579
14 51 5.61655956302
14 62 6.36284762976
14 72 10.6600358178
14 77 9.01669634667
14 82 7.31272424127
14 88 7.39221270955
14 98 8.08452083454
14 100 7.12470499879
14 107 7.90569415042
14 109 10.4828483672
14 328 10.0
14 334 6.17802063215
14 335 5.72598334314
15 25 6.05227532669
15 35 5.16397779494
15 64 5.75435337648
15 83 7.08881205008
15 94 6.28694613462
15 104 7.73823232534
15 122 10.3142124626
15 127 6.96733014292
15 133 8.87356509416
15 137 8.67109969524
15 143 6.0412209333
16 26 18.5695338177
16 42 6.72672793996
16 46 11.396057646
16 53 7.14285714286
16 63 8.4818892968
16 66 7.31272424127
16 70 5.81238193719
16 80 10.3695169473
16 112 7.62492851663
16 119 6.90065559342
16 120 7.37209780774
16 135 5.75435337648
16 142 6.96733014292
16 326 10.8465228909
17 19 7.62492851663
17 20 6.86802819743
17 37 8.73704056661
17 39 14.5864991498
17 40 7.98086884468
17 48 8.4818892968
17 69 7.55928946018
17 72 6.71156055214
17 75 8.77058019307
17 82 7.31272424127
17 83 15.8113883008
17 92 9.16698497028
17 94 16.2221421131
17 95 8.90870806375
17 106 6.66666666667
17 115 11.6247638744
17 133 8.27605888602
17 137 7.76150525706
17 138 9.9503719021
18 47 11.0431526075
18 86 5.00626174322
18 112 7.19815750749
18 141 7.33235575107
18 176 4.37688109532
18 191 4.10997468263
18 197 4.98135481387
19 27 9.57826285221
19 37 7.23574605292
19 39 9.9503719021
19 44 7.23574605292
19 50 9.3250480824
19 64 7.08881205008
19 67 13.130643286
19 69 16.4398987305
19 75 26.7261241912
19 83 8.77058019307
19 94 7.7151674981
19 95 6.83585927025
19 105 14.7441956155
19 106 7.93051585718
19 122 8.36242010007
19 127 7.64719112902
19 129 13.2453235707
19 138 20.8514414057
19 140 14.4337567297
19 142 8.19231920519
20 40 6.72672793996
20 72 8.16496580928
20 74 4.98135481387
20 83 6.25
20 89 6.0971076085
20 92 5.86210381761
20 94 6.0412209333
20 98 5.59892510956
20 115 7.14285714286
20 116 5.00626174322
22 24 4.68292905791
22 52 3.42997170285
22 111 5.70730145535
23 33 9.9503719021
23 36 6.32455532034
23 43 7.17958158618
23 45 6.52328073053
23 51 5.64332647983
23 56 6.60818600455
23 68 5.76390417704
23 72 6.95048046857
23 73 6.72672793996
23 88 9.05357460425
23 98 7.29324957489
23 107 9.85329278164
23 109 6.83585927025
23 128 7.29324957489
23 328 6.95048046857
23 334 7.16114874039
23 335 6.83585927025
24 52 4.89115988045
24 103 6.77285461479
24 110 4.39374775164
24 111 5.39949247156
25 40 10.5999788001
25 49 6.78844233302
25 74 8.87356509416
25 92 7.31272424127
25 93 13.7360563949
25 94 5.79284446363
25 103 6.0858061945
25 104 8.16496580928
25 113 9.53462589246
25 115 9.05357460425
25 127 6.91714463866
25 133 7.85674201318
25 137 8.77058019307
25 139 7.69230769231
26 42 8.45154254729
26 46 7.85674201318
26 53 6.0971076085
26 63 11.3227703414
26 66 6.90065559342
26 70 6.28694613462
26 78 6.03022689156
26 80 10.6600358178
26 86 6.21369766001
26 112 11.2508790093
26 120 10.3695169473
26 130 7.08881205008
26 326 13.8675049056
27 28 8.21994936527
27 41 9.28476690885
27 44 21.3200716356
27 50 11.9522860933
27 67 14.90711985
27 69 9.53462589246
27 75 8.13788458771
27 80 13.0188910981
27 91 8.16496580928
27 105 8.73704056661
27 106 9.44911182523
27 117 9.01669634667
27 122 7.66964988847
27 123 9.16698497028
27 129 8.77058019307
27 136 7.83260449988
27 138 7.14285714286
27 140 10.2597835209
27 142 8.63868425581
27 301 8.87356509416
27 326 8.87356509416
28 37 8.39181358297
28 41 7.37209780774
28 84 6.32455532034
28 102 6.71156055214
28 106 12.7000127
28 123 7.51646028003
28 126 6.26224291085
28 135 12.1267812518
28 143 8.27605888602
29 30 12.4034734589
29 34 7.17958158618
29 41 7.39221270955
29 58 10.8465228909
29 60 44.72135955
29 65 10.5999788001
29 70 6.52328073053
29 76 6.74199862463
29 78 6.21369766001
29 82 8.80450906326
29 91 7.83260449988
29 100 7.16114874039
29 109 8.80450906326
29 114 6.52328073053
29 128 6.88428390822
29 136 10.4257207029
29 301 6.90065559342
29 326 6.42824346533
30 31 7.90569415042
30 34 7.93051585718
30 41 7.85674201318
30 48 11.3227703414
30 58 17.1498585143
30 60 12.5
30 62 8.33333333333
30 65 8.45154254729
30 76 8.67109969524
30 77 9.53462589246
30 79 7.66964988847
30 82 20.4124145232
30 91 7.453559925
30 109 13.130643286
30 114 8.77058019307
30 117 8.4818892968
30 128 9.62250448649
30 130 7.33235575107
30 132 7.58098043579
30 136 10.2597835209
30 301 7.55928946018
31 45 6.52328073053
31 48 8.39181358297
31 57 6.11990061362
31 62 21.3200716356
31 65 6.15457454897
31 72 6.21369766001
31 76 7.05345615859
31 77 15.0755672289
31 79 7.37209780774
31 88 6.71156055214
31 92 5.62543950463
31 100 5.64332647983
31 109 10.1015254455
31 125 6.48203723552
32 34 12.1267812518
32 39 7.47435092752
32 50 8.13788458771
32 53 7.31272424127
32 58 10.1534616513
32 59 7.66964988847
32 67 9.36585811582
32 80 7.0359754473
32 81 17.1498585143
32 97 10.976425999
32 105 8.39181358297
32 114 9.49157995752
32 117 10.4257207029
32 121 8.33333333333
32 130 7.64719112902
32 132 17.9605302027
32 140 6.71156055214
32 142 8.42151921067
33 45 5.91312395989
33 56 10.6600358178
33 57 6.68153104781
33 68 5.97614304667
33 87 5.03154605427
33 88 10.4828483672
33 89 4.85071250073
33 98 6.0971076085
33 99 4.87370178829
33 107 6.90065559342
33 145 5.06369683542
33 289 4.93263623667
33 295 5.27779813969
33 328 5.3760333057
33 334 6.0412209333
33 335 5.98684340089
34 57 6.50944554904
34 58 13.7360563949
34 59 7.2547625011
34 60 6.5795169496
34 62 5.98684340089
34 65 8.60662965824
34 76 7.33235575107
34 79 8.73704056661
34 81 16.2221421131
34 97 6.52328073053
34 108 6.16626415978
34 114 12.2169444356
34 120 6.07456739231
34 121 6.25
34 132 20.8514414057
35 71 8.27605888602
35 75 6.59380473396
35 94 7.76150525706
35 95 5.40738070436
35 127 6.60818600455
35 137 7.33235575107
35 138 8.4818892968
36 37 7.37209780774
36 43 14.1421356237
36 51 9.05357460425
36 61 6.00841768126
36 70 6.0858061945
36 73 20.8514414057
36 78 6.71156055214
36 85 9.71285862357
36 91 7.0359754473
36 106 7.33235575107
36 107 8.80450906326
36 119 7.49531688996
36 126 20.8514414057
36 128 10.3142124626
36 130 9.80580675691
36 145 6.78844233302
37 39 7.90569415042
37 41 7.49531688996
37 51 6.42824346533
37 73 8.08452083454
37 75 8.67109969524
37 83 10.7211253484
37 94 7.08881205008
37 95 7.08881205008
37 106 18.2574185835
37 117 7.73823232534
37 126 8.36242010007
37 133 7.08881205008
37 138 7.0359754473
38 45 7.73823232534
38 100 7.07106781187
38 125 5.99760143904
38 274 4.83933918496
38 293 5.61655956302
38 333 5.3760333057
39 48 8.39181358297
39 67 8.13788458771
39 69 8.27605888602
39 75 12.0385853086
39 82 7.07106781187
39 83 9.49157995752
39 92 7.2547625011
39 94 10.0503781526
39 95 12.598815767
39 97 9.12870929175
39 105 8.30454798537
39 106 6.96733014292
39 115 6.78844233302
39 117 9.9503719021
39 128 6.83585927025
39 129 6.83585927025
39 138 14.7441956155
39 140 6.8199433947
39 142 8.05822964025
40 72 8.87356509416
40 74 7.49531688996
40 77 7.66964988847
40 83 7.98086884468
40 92 7.66964988847
40 93 15.4303349962
40 94 6.75737378399
40 104 12.2169444356
40 113 6.66666666667
40 115 16.4398987305
40 116 8.39181358297
40 133 10.8465228909
40 137 7.31272424127
40 139 10.3142124626
41 44 11.1803398875
41 58 7.07106781187
41 60 8.39181358297
41 70 8.39181358297
41 73 7.6028592127
41 80 9.57826285221
41 82 9.20574617898
41 84 8.51256530759
41 91 22.360679775
41 106 8.51256530759
41 117 8.4818892968
41 126 8.13788458771
41 128 7.7151674981
41 130 7.0359754473
41 133 7.39221270955
41 136 22.9415733871
41 301 12.598815767
41 326 7.78498944162
42 44 7.08881205008
42 46 5.21286035143
42 63 6.53720450461
42 66 5.60772154092
42 70 7.98086884468
42 80 8.00640769025
42 86 5.39949247156
42 91 6.95048046857
42 112 7.12470499879
42 120 7.78498944162
42 326 13.3630620956
43 51 8.11107105654
43 61 7.55928946018
43 63 6.75737378399
43 70 8.11107105654
43 73 17.9605302027
43 78 11.0431526075
43 82 8.16496580928
43 85 8.83883476483
43 86 6.37576713063
43 87 7.0359754473
43 91 8.90870806375
43 107 9.85329278164
43 117 7.98086884468
43 126 15.2498570333
43 128 14.1421356237
43 130 13.6082763488
43 145 8.54357657717
44 50 10.0
44 58 7.49531688996
44 67 10.4828483672
44 69 8.33333333333
44 80 13.4839972493
44 91 9.44911182523
44 105 7.27392967453
44 106 7.33235575107
44 117 8.60662965824
44 122 7.2547625011
44 123 8.19231920519
44 129 7.80868809443
44 136 10.4828483672
44 140 8.42151921067
44 142 6.86802819743
44 301 12.2169444356
44 326 10.4828483672
45 62 6.0971076085
45 88 6.9843029577
45 98 5.49649709929
45 100 6.78844233302
45 109 7.55928946018
45 125 10.4828483672
45 293 5.64332647983
45 328 6.25
45 333 5.54700196225
45 334 6.13139339485
45 335 5.26315789474
46 50 7.16114874039
46 53 8.24786098842
46 66 5.4554472559
46 67 6.65190105238
46 80 7.17958158618
46 119 5.80258853186
46 120 6.0971076085
46 131 5.27779813969
46 135 6.28694613462
46 184 5.53001263609
46 326 7.0359754473
47 63 6.17802063215
47 66 4.57389353746
47 86 6.95048046857
47 112 7.51646028003
47 141 8.63868425581
47 176 5.71661950475
47 191 5.1987524491
47 197 7.83260449988
47 331 3.93140566985
48 57 7.27392967453
48 58 9.80580675691
48 59 7.93051585718
48 62 9.90147542977
48 72 7.08881205008
48 76 7.16114874039
48 77 10.5409255339
48 79 7.76150525706
48 82 12.7000127
48 88 7.58098043579
48 92 7.85674201318
48 107 7.39221270955
48 109 8.16496580928
48 114 8.39181358297
48 115 7.35214622094
48 117 8.42151921067
48 128 8.83883476483
48 132 8.16496580928
49 93 6.83585927025
49 101 6.59380473396
49 103 9.3250480824
49 104 6.16626415978
49 110 9.66736489046
49 111 6.48203723552
49 116 5.79284446363
49 118 5.73539334676
49 139 8.63868425581
50 53 8.90870806375
50 64 7.29324957489
50 67 20.0
50 69 9.20574617898
50 75 7.31272424127
50 80 7.93051585718
50 81 8.03219328902
50 105 14.90711985
50 120 6.45497224368
50 121 11.8678165819
50 123 7.12470499879
50 129 10.7832773203
50 138 7.21687836487
50 140 16.9030850946
50 142 7.95557284176
50 326 6.637233116
51 73 9.09090909091
51 85 5.62543950463
51 107 10.0503781526
51 126 8.4818892968
51 128 7.95557284176
51 130 7.17958158618
52 103 4.62250163521
52 111 6.1898446059
53 67 9.66736489046
53 81 6.0971076085
53 97 6.50944554904
53 105 8.24786098842
53 119 6.25
53 121 7.08881205008
53 140 6.78844233302
53 142 11.0431526075
53 184 6.13139339485
54 66 4.40225453163
54 85 5.68880123989
54 119 6.26224291085
54 184 4.81683050859
54 217 3.50931203172
54 331 3.91930900835
55 89 7.83260449988
55 90 4.79463301485
56 57 7.53778361444
56 59 6.0412209333
56 88 9.85329278164
56 89 7.12470499879
56 90 7.16114874039
56 98 6.38876565
56 99 4.80569331332
56 107 6.27455805138
56 328 4.77818482567
57 59 10.2062072616
57 62 8.13788458771
57 88 12.598815767
57 97 5.88235294118
57 107 6.48203723552
57 108 6.69649530182
57 125 5.78314931966
57 132 7.12470499879
58 60 10.2062072616
58 62 7.0359754473
58 65 9.05357460425
58 76 9.01669634667
58 79 8.77058019307
58 81 9.57826285221
58 82 11.9522860933
58 109 7.58098043579
58 114 13.130643286
58 117 9.85329278164
58 128 8.51256530759
58 130 7.90569415042
58 132 12.1267812518
58 136 8.73704056661
58 301 7.35214622094
59 62 6.46846227353
59 79 6.00841768126
59 81 6.17802063215
59 88 6.69649530182
59 90 5.17780373078
59 97 10.4828483672
59 108 6.46846227353
59 132 10.0503781526
60 65 9.28476690885
60 70 6.83585927025
60 76 6.85188709828
60 82 9.12870929175
60 91 8.63868425581
60 100 7.58098043579
60 101 6.37576713063
60 109 8.98026510134
60 128 6.83585927025
60 136 12.8036879933
60 301 7.83260449988
60 326 6.52328073053
61 63 5.8321184352
61 68 8.77058019307
61 70 6.28694613462
61 78 10.7211253484
61 85 9.3250480824
61 86 8.67109969524
61 87 10.7211253484
61 141 4.31130613559
61 145 12.3091490979
61 289 4.65746432833
61 331 19.245008973
62 65 6.68153104781
62 76 7.19815750749
62 77 10.7832773203
62 79 8.63868425581
62 88 7.90569415042
62 109 8.77058019307
62 114 6.48203723552
62 125 6.59380473396
63 66 6.53720450461
63 70 7.08881205008
63 78 9.9503719021
63 80 7.17958158618
63 85 6.26224291085
63 86 12.4034734589
63 87 6.16626415978
63 112 13.2453235707
63 120 6.16626415978
63 130 7.93051585718
63 141 7.76150525706
63 145 6.90065559342
63 326 8.05822964025
64 69 9.44911182523
64 71 6.66666666667
64 105 7.51646028003
64 121 6.637233116
64 122 7.7151674981
64 123 7.39221270955
64 124 6.16626415978
64 127 9.20574617898
64 129 13.130643286
64 137 6.16626415978
64 140 10.5999788001
64 143 6.32455532034
65 76 8.67109969524
65 79 8.27605888602
65 109 6.71156055214
65 114 7.49531688996
65 125 6.27455805138
65 132 6.48203723552
66 86 5.90281336101
66 112 7.23574605292
66 141 4.21075960533
66 153 4.08588923223
66 191 4.71404520791
67 69 10.5999788001
67 75 10.3142124626
67 80 9.05357460425
67 81 7.66964988847
67 97 6.69649530182
67 105 17.6776695297
67 106 7.43294146247
67 117 9.62250448649
67 121 8.90870806375
67 129 10.4828483672
67 138 9.57826285221
67 140 15.0755672289
67 142 11.8678165819
67 326 6.65190105238
68 78 5.76390417704
68 85 6.16626415978
68 86 5.17780373078
68 87 9.16698497028
68 145 10.5409255339
68 289 7.01862406344
68 302 4.6473941234
68 320 5.57278212575
68 331 7.19815750749
69 75 11.1111111111
69 83 8.67109969524
69 94 7.47435092752
69 105 12.2169444356
69 122 12.3091490979
69 127 13.6082763488
69 129 26.7261241912
69 133 8.60662965824
69 137 8.94427191
69 138 12.9099444874
69 140 16.4398987305
69 301 7.88110406239
70 73 6.60818600455
70 78 10.7832773203
70 80 7.98086884468
70 84 7.37209780774
70 85 5.93390829097
70 86 7.2547625011
70 91 12.7000127
70 126 7.73823232534
70 130 6.77285461479
70 136 7.93051585718
70 326 8.67109969524
71 105 8.63868425581
71 121 8.98026510134
71 127 7.31272424127
71 129 7.93051585718
71 138 6.9843029577
71 140 7.53778361444
72 77 9.85329278164
72 82 8.87356509416
72 93 6.95048046857
72 100 6.38876565
72 107 6.62266178533
72 109 8.94427191
72 115 7.85674201318
72 116 7.23574605292
72 128 6.88428390822
72 139 6.9843029577
73 78 7.05345615859
73 80 7.33235575107
73 82 9.3250480824
73 85 7.39221270955
73 91 8.87356509416
73 106 7.98086884468
73 107 10.6600358178
73 117 11.0431526075
73 119 6.5795169496
73 126 25.0
73 128 19.245008973
73 130 14.2857142857
73 136 6.77285461479
73 142 7.12470499879
74 77 6.32455532034
74 92 10.3142124626
74 93 10.0
74 113 6.52328073053
74 115 7.31272424127
74 118 5.15710623129
75 83 10.1015254455
75 94 8.90870806375
75 95 8.77058019307
75 105 10.5409255339
75 106 8.87356509416
75 122 7.27392967453
75 129 9.01669634667
75 138 22.9415733871
75 140 9.44911182523
75 142 8.60662965824
76 77 7.23574605292
76 79 16.9030850946
76 103 6.56532164299
76 113 7.76150525706
76 114 13.0188910981
76 132 6.69649530182
76 139 7.08881205008
76 301 6.83585927025
77 79 6.68153104781
77 82 9.05357460425
77 88 6.27455805138
77 92 7.14285714286
77 93 7.53778361444
77 100 6.13139339485
77 109 12.1267812518
77 115 8.19231920519
77 139 7.49531688996
78 85 7.95557284176
78 86 13.3630620956
78 87 10.3142124626
78 91 7.37209780774
78 112 6.10847221782
78 126 7.43294146247
78 130 8.05822964025
78 145 9.66736489046
78 326 6.31194403098
78 331 7.53778361444
79 81 6.78844233302
79 113 6.52328073053
79 114 14.4337567297
79 132 8.33333333333
80 91 11.2508790093
80 106 7.73823232534
80 117 10.0
80 126 8.39181358297
80 128 7.16114874039
80 130 9.49157995752
80 136 8.57492925713
80 142 8.60662965824
80 301 7.0359754473
80 326 18.8982236505
81 97 6.9843029577
81 105 7.33235575107
81 114 10.8465228909
81 120 7.23574605292
81 121 9.90147542977
81 132 14.90711985
82 91 8.70388279778
82 107 8.73704056661
82 109 11.0431526075
82 114 7.2547625011
82 117 11.2508790093
82 126 7.55928946018
82 128 15.0755672289
82 130 8.90870806375
82 136 10.4828483672
82 301 7.47435092752
83 92 6.637233116
83 94 16.2221421131
83 95 7.10669054519
83 104 6.90065559342
83 106 7.98086884468
83 115 9.44911182523
83 122 8.94427191
83 127 6.8199433947
83 133 11.4707866935
83 137 8.27605888602
83 138 9.9503719021
84 91 8.39181358297
84 100 5.1987524491
84 101 5.4392829322
84 102 8.39181358297
84 116 5.91312395989
84 136 7.08881205008
85 86 6.71156055214
85 87 5.95491334175
85 119 7.07106781187
85 126 8.36242010007
85 130 6.77285461479
85 145 10.8465228909
85 331 7.80868809443
86 87 8.57492925713
86 112 7.95557284176
86 141 6.75737378399
86 145 8.42151921067
86 331 7.49531688996
87 141 5.5131784642
87 145 10.976425999
87 289 5.79284446363
87 331 7.53778361444
88 98 6.0858061945
88 107 9.9503719021
88 109 7.17958158618
88 125 5.8321184352
88 128 7.49531688996
89 90 6.06339062591
89 98 7.37209780774
89 99 4.37688109532
90 258 4.19590679148
91 106 7.85674201318
91 117 8.4818892968
91 126 10.1534616513
91 128 8.57492925713
91 130 8.51256530759
91 136 16.0128153805
91 301 8.4818892968
91 326 9.3250480824
92 93 7.37209780774
92 94 7.64719112902
92 95 5.63436169819
92 113 7.47435092752
92 115 9.57826285221
92 137 6.31194403098
93 101 5.89255650989
93 104 8.42151921067
93 110 5.65233418944
93 113 7.6028592127
93 115 9.49157995752
93 116 7.453559925
93 118 6.37576713063
93 133 7.23574605292
93 139 10.1015254455
94 95 8.11107105654
94 115 9.28476690885
94 122 6.60818600455
94 127 6.5795169496
94 133 7.62492851663
94 137 8.90870806375
94 138 10.4828483672
95 97 7.69230769231
95 138 8.73704056661
95 142 6.72672793996
96 263 11.5470053838
96 287 6.14295116834
96 291 7.64719112902
96 293 6.0412209333
96 297 6.48203723552
96 299 4.75651494154
96 304 5.29256124025
96 305 5.80258853186
96 306 4.70360434192
96 307 6.00841768126
96 309 9.09090909091
96 310 6.56532164299
96 313 6.35000635001
96 318 9.3250480824
96 319 5.98684340089
96 321 8.05822964025
96 322 18.2574185835
96 324 7.64719112902
96 325 8.42151921067
96 327 13.0188910981
96 333 4.68807230938
96 334 5.95491334175
96 335 5.68880123989
97 105 6.75737378399
97 108 5.7735026919
97 117 8.24786098842
97 132 9.28476690885
97 142 8.05822964025
98 99 7.453559925
98 295 5.06369683542
98 328 8.87356509416
98 333 5.15710623129
98 334 6.36284762976
98 335 5.87220219515
99 285 4.32742322408
99 295 6.59380473396
99 313 6.637233116
99 314 7.14285714286
99 317 6.46846227353
99 328 7.73823232534
99 329 5.24142418361
99 333 6.25
99 334 6.38876565
99 335 6.42824346533
100 101 5.75435337648
100 109 10.2062072616
100 116 5.3760333057
100 125 5.71661950475
101 104 6.21369766001
101 116 7.14285714286
101 134 5.67961834247
101 136 7.19815750749
101 139 11.0431526075
101 301 8.03219328902
102 135 5.89255650989
103 110 9.36585811582
103 111 5.92348877759
104 115 8.39181358297
104 116 9.40720868384
104 118 5.32246295412
104 122 7.39221270955
104 133 12.3091490979
104 137 6.90065559342
104 139 9.09090909091
105 121 11.6247638744
105 127 7.47435092752
105 129 14.0028008403
105 138 12.0385853086
105 140 21.3200716356
105 142 8.24786098842
106 117 8.30454798537
106 119 6.56532164299
106 126 9.3250480824
106 135 7.90569415042
106 138 6.8041381744
106 142 8.05822964025
107 109 6.66666666667
107 126 7.76150525706
107 128 13.0188910981
107 130 8.67109969524
107 145 5.75435337648
107 328 5.91312395989
108 112 4.7351372381
108 132 6.40184399664
108 141 6.60818600455
109 125 6.53720450461
109 128 7.453559925
109 136 7.23574605292
109 139 6.53720450461
110 111 4.53143254429
110 118 4.45877962068
112 120 7.90569415042
112 141 7.73823232534
112 191 4.68807230938
112 326 7.31272424127
113 114 7.47435092752
113 115 6.53720450461
113 127 8.13788458771
113 133 6.53720450461
113 137 7.14285714286
113 139 6.26224291085
113 301 6.93375245282
114 121 6.75737378399
114 127 7.10669054519
114 132 12.1267812518
115 133 9.62250448649
115 137 9.20574617898
115 139 7.78498944162
116 118 7.2547625011
116 139 9.20574617898
117 126 9.62250448649
117 128 13.4839972493
117 130 13.4839972493
117 132 8.03219328902
117 136 8.00640769025
117 142 11.1111111111
119 126 7.64719112902
119 135 6.32455532034
119 142 8.16496580928
119 184 9.53462589246
120 121 5.72598334314
120 326 8.67109969524
121 129 8.30454798537
121 132 6.637233116
121 140 10.0
122 123 8.36242010007
122 127 10.1015254455
122 129 9.80580675691
122 133 14.5864991498
122 137 8.80450906326
122 138 7.21687836487
122 140 7.83260449988
122 143 9.20574617898
122 301 8.94427191
123 129 7.43294146247
123 135 5.94438298278
123 140 7.62492851663
123 143 17.9605302027
126 128 11.7041147196
126 130 12.2169444356
126 136 6.8041381744
126 142 7.27392967453
126 326 6.37576713063
127 129 12.7000127
127 133 8.42151921067
127 137 14.2857142857
127 138 7.76150525706
127 140 8.73704056661
127 301 7.51646028003
128 130 16.2221421131
128 136 7.64719112902
129 133 6.78844233302
129 137 7.64719112902
129 138 10.3142124626
129 140 25.8198889747
129 301 6.88428390822
130 136 6.88428390822
130 142 8.27605888602
130 326 7.23574605292
131 215 3.77964473009
133 136 6.74199862463
133 137 9.53462589246
133 139 8.30454798537
133 301 9.71285862357
135 143 5.89255650989
135 184 6.13139339485
136 139 7.35214622094
136 301 14.1421356237
136 326 7.62492851663
137 138 7.31272424127
138 140 9.9503719021
138 142 7.33235575107
139 301 8.67109969524
140 142 6.88428390822
141 145 5.42326144547
141 191 5.01254707117
141 197 4.95681597097
144 214 2.32747032058
144 215 3.1528333056
144 216 3.00828418798
145 331 8.4818892968
146 154 8.70388279778
146 160 6.36284762976
146 161 5.41530361074
146 166 6.10847221782
146 167 6.93375245282
146 169 10.7832773203
146 170 6.415002991
146 172 6.95048046857
146 181 6.16626415978
146 182 8.45154254729
146 188 6.86802819743
146 195 6.28694613462
146 196 9.09090909091
146 199 14.4337567297
146 211 7.12470499879
146 222 11.6247638744
146 228 6.60818600455
146 234 6.16626415978
146 235 8.00640769025
146 241 11.5470053838
146 242 10.3695169473
147 148 6.85188709828
147 151 4.61265604014
147 156 5.06369683542
147 171 9.80580675691
147 173 5.72598334314
147 180 7.08881205008
147 186 7.43294146247
147 189 3.75029300309
147 194 3.59210604054
147 205 5.86210381761
147 208 3.43807082086
147 209 6.0858061945
148 149 6.13139339485
148 150 4.77818482567
148 151 5.27779813969
148 156 9.49157995752
148 159 6.14295116834
148 161 5.01254707117
148 168 5.08328567775
148 171 16.4398987305
148 173 6.01929265429
148 174 5.41530361074
148 180 6.90065559342
148 186 6.25
148 193 7.41249316661
148 194 4.75651494154
148 202 5.15026202625
148 203 5.59892510956
148 204 6.37576713063
148 205 8.51256530759
148 246 5.55555555556
149 151 5.46358364708
149 152 7.62492851663
149 154 6.95048046857
149 156 6.415002991
149 159 12.2169444356
149 161 5.0
149 164 6.13139339485
149 170 10.5409255339
149 171 5.16397779494
149 174 25.8198889747
149 176 5.55555555556
149 193 8.16496580928
149 197 5.30744892434
149 202 6.75737378399
149 203 11.8678165819
149 204 6.65190105238
149 205 6.25
149 207 7.16114874039
149 212 5.8222250974
149 232 4.91473187183
149 246 11.9522860933
150 156 4.60775677584
150 160 6.0412209333
150 161 4.8224282217
150 162 5.05721737424
150 165 4.33554984762
150 167 7.35214622094
150 168 7.35214622094
150 171 4.79463301485
150 173 4.75651494154
150 193 5.33001790889
150 194 5.27046276695
150 196 5.73539334676
150 200 4.37688109532
150 206 6.25
151 171 5.25588331228
151 173 5.04433272305
151 186 6.88428390822
151 189 4.44115591684
151 191 5.68880123989
151 200 5.07020126563
151 202 5.4392829322
151 203 6.71156055214
151 204 4.55960752588
151 205 9.49157995752
151 208 3.84615384615
151 209 4.15227399269
152 154 6.52328073053
152 159 7.55928946018
152 164 5.47175655165
152 170 5.87220219515
152 174 10.4828483672
152 175 5.0
152 176 11.6247638744
152 197 7.39221270955
152 203 5.36828127095
152 207 5.54700196225
152 212 5.8222250974
152 232 7.41249316661
152 233 4.85642931179
152 242 5.91312395989
152 246 9.62250448649
152 249 5.47996624351
152 255 6.01929265429
153 155 3.57370844946
153 186 4.11345034895
153 189 4.88531968746
153 198 4.20331351709
153 202 4.59315212175
153 204 6.85188709828
153 208 4.25628265379
154 159 12.7000127
154 164 7.01862406344
154 167 9.12870929175
154 169 7.85674201318
154 170 11.2508790093
154 174 7.2547625011
154 181 7.47435092752
154 196 9.57826285221
154 199 7.29324957489
154 201 7.6028592127
154 207 7.90569415042
154 212 10.6600358178
154 222 11.0431526075
154 234 6.5795169496
154 235 7.00140042014
154 240 6.69649530182
154 241 7.64719112902
154 242 11.396057646
154 246 9.3250480824
154 255 7.43294146247
155 189 3.2241294011
155 208 3.61079072337
156 159 8.27605888602
156 161 4.87370178829
156 164 5.54700196225
156 167 5.52157630374
156 168 5.27046276695
156 170 5.70730145535
156 171 8.16496580928
156 174 6.27455805138
156 180 8.42151921067
156 186 4.4499415949
156 193 6.5795169496
156 203 4.81125224325
156 204 6.16626415978
156 205 5.30744892434
156 212 6.59380473396
156 246 7.31272424127
157 172 10.7211253484
157 182 8.45154254729
157 195 5.16397779494
157 220 4.42373955204
157 226 4.93263623667
157 230 4.90880693674
157 243 6.71156055214
157 244 4.99376169439
157 251 4.19590679148
158 163 7.10669054519
158 179 6.75737378399
158 187 7.90569415042
158 227 5.29998940003
158 229 6.59380473396
158 230 5.78314931966
158 231 5.08328567775
158 237 9.01669634667
158 238 6.62266178533
158 239 10.1534616513
158 245 6.28694613462
158 247 5.2342392259
158 250 6.46846227353
158 253 15.6173761889
158 257 7.2547625011
158 259 10.8465228909
159 161 5.72598334314
159 164 7.47435092752
159 167 6.83585927025
159 168 6.13139339485
159 170 12.8036879933
159 174 12.9099444874
159 193 8.24786098842
159 195 5.59892510956
159 196 6.03022689156
159 201 5.68880123989
159 203 6.71156055214
159 204 5.86210381761
159 207 7.85674201318
159 212 9.71285862357
159 242 6.88428390822
159 246 17.9605302027
160 161 6.59380473396
160 162 4.83933918496
160 173 4.54545454545
160 199 8.73704056661
160 200 4.49013255067
160 206 5.17087689995
160 241 5.28516422582
161 170 7.53778361444
161 171 4.70881609348
161 173 5.95491334175
161 195 6.56532164299
161 199 5.67047977124
161 205 4.68292905791
161 209 4.90880693674
162 165 3.69358427577
162 206 5.08328567775
162 315 3.89544693566
163 166 5.1987524491
163 177 7.78498944162
163 179 5.39949247156
163 188 7.41249316661
163 201 5.38381902058
163 211 6.03022689156
163 228 7.16114874039
163 231 5.86210381761
163 233 9.01669634667
163 234 11.1111111111
163 235 7.95557284176
163 237 5.5131784642
163 238 6.13139339485
163 239 7.64719112902
163 241 5.53001263609
163 247 8.03219328902
163 249 5.25588331228
163 253 5.36828127095
163 257 9.20574617898
163 259 8.80450906326
164 167 6.72672793996
164 168 10.3695169473
164 170 5.79284446363
164 174 6.31194403098
164 178 6.28694613462
164 193 9.90147542977
164 196 5.93390829097
164 198 5.24863881081
164 201 8.98026510134
164 202 6.36284762976
164 203 5.80258853186
164 204 7.66964988847
164 207 8.94427191
164 212 10.976425999
164 240 8.11107105654
164 246 9.53462589246
165 173 4.7351372381
165 194 4.52678730213
165 200 8.51256530759
165 205 4.75651494154
166 167 6.0412209333
166 168 5.3760333057
166 177 5.39949247156
166 178 7.33235575107
166 181 5.19174131651
166 188 6.40184399664
166 196 7.83260449988
166 199 5.99760143904
166 201 7.23574605292
166 206 5.10976130308
166 207 5.28516422582
166 222 7.95557284176
166 234 6.9843029577
166 235 7.49531688996
166 236 5.1987524491
166 238 7.29324957489
166 240 7.16114874039
166 241 5.70730145535
167 168 9.53462589246
167 169 7.80868809443
167 170 6.11990061362
167 181 7.47435092752
167 193 6.03022689156
167 196 18.5695338177
167 199 5.99760143904
167 201 6.69649530182
167 206 5.86210381761
167 207 6.01929265429
167 212 10.5409255339
167 222 7.2547625011
167 240 8.24786098842
167 246 5.86210381761
168 170 5.70730145535
168 178 5.57278212575
168 193 9.85329278164
168 194 6.5512178208
168 196 7.31272424127
168 200 4.92067831305
168 201 6.69649530182
168 202 5.24142418361
168 204 5.43125446594
168 207 7.76150525706
168 212 8.16496580928
168 240 7.27392967453
168 246 6.00841768126
169 172 7.23574605292
169 181 9.40720868384
169 182 7.7151674981
169 195 5.59892510956
169 196 9.57826285221
169 199 6.37576713063
169 210 5.47175655165
169 211 5.86210381761
169 212 6.01929265429
169 222 8.00640769025
169 225 5.8321184352
169 241 5.92348877759
169 242 8.87356509416
169 244 5.38381902058
169 248 7.43294146247
169 255 5.8222250974
170 174 8.94427191
170 193 7.66964988847
170 195 6.77285461479
170 196 5.75435337648
170 199 6.91714463866
170 203 7.31272424127
170 207 8.03219328902
170 212 6.36284762976
170 222 6.21369766001
170 235 5.53001263609
170 241 6.65190105238
170 242 7.17958158618
170 246 8.39181358297
171 173 6.9843029577
171 180 7.64719112902
171 186 7.27392967453
171 193 6.36284762976
171 194 4.86216638326
171 200 4.6175709654
171 202 4.64238345443
171 203 4.91473187183
171 204 5.56414884075
171 205 9.16698497028
171 209 5.14344499874
172 182 11.7041147196
172 195 4.86792383511
172 199 5.09647191438
172 220 5.01254707117
172 225 5.5131784642
172 226 6.45497224368
172 230 5.25588331228
172 241 5.15710623129
172 243 7.31272424127
172 244 8.57492925713
172 248 5.50481882563
172 250 5.79284446363
172 256 4.91473187183
173 180 4.36020720197
173 186 4.57389353746
173 200 5.7735026919
173 205 7.90569415042
173 209 5.63436169819
174 176 6.69649530182
174 193 7.01862406344
174 195 4.90880693674
174 197 5.81238193719
174 202 5.97614304667
174 203 8.90870806375
174 204 6.46846227353
174 205 5.10976130308
174 207 6.8041381744
174 212 6.27455805138
174 232 5.53001263609
174 246 15.6173761889
175 177 4.89115988045
175 179 6.27455805138
175 210 7.64719112902
175 211 6.17802063215
175 225 9.3250480824
175 226 5.85205735981
175 227 5.72598334314
175 228 7.41249316661
175 230 5.21286035143
175 231 11.6247638744
175 232 5.36056267419
175 233 5.08986598559
175 245 4.48110714948
175 249 6.52328073053
175 251 4.78364873235
175 255 6.42824346533
176 197 10.0503781526
176 198 4.75114338146
176 203 4.80569331332
176 232 5.47175655165
176 233 4.80015360737
176 246 6.0858061945
176 249 5.98684340089
177 178 8.13788458771
177 185 4.92664639082
177 188 6.11990061362
177 190 6.35000635001
177 192 6.62266178533
177 197 4.90880693674
177 201 8.11107105654
177 210 5.15026202625
177 233 5.87220219515
177 234 8.77058019307
177 235 5.56414884075
177 238 5.01885613228
177 240 6.17802063215
177 247 5.06369683542
177 249 7.98086884468
177 255 7.58098043579
177 257 6.26224291085
178 185 4.82804549585
178 190 4.75114338146
178 192 7.69230769231
178 201 12.2169444356
178 212 5.57278212575
178 219 5.22708373489
178 234 6.69649530182
178 235 5.4392829322
178 236 4.97518595105
178 240 10.4828483672
178 255 6.21369766001
178 257 4.78913142611
179 187 4.6373889576
179 211 6.13139339485
179 225 6.69649530182
179 226 6.48203723552
179 227 7.31272424127
179 228 6.27455805138
179 229 5.13665496938
179 230 9.20574617898
179 231 11.6247638744
179 233 5.06369683542
179 237 6.59380473396
179 239 4.63241054612
179 245 6.90065559342
179 247 4.59315212175
179 250 5.50481882563
179 251 6.0971076085
179 253 8.57492925713
179 259 5.1987524491
180 186 4.27960492511
180 209 5.36828127095
181 182 5.13665496938
181 188 6.21369766001
181 192 5.22708373489
181 196 9.05357460425
181 201 6.74199862463
181 210 10.2597835209
181 212 8.36242010007
181 222 7.93051585718
181 225 6.5512178208
181 228 6.53720450461
181 234 5.81238193719
181 240 7.95557284176
181 242 7.17958158618
181 248 7.90569415042
181 255 10.9108945118
182 188 7.07106781187
182 195 7.35214622094
182 199 5.95491334175
182 211 9.16698497028
182 222 6.32455532034
182 225 7.33235575107
182 226 6.95048046857
182 228 7.08881205008
182 230 6.88428390822
182 241 6.95048046857
182 242 8.94427191
182 243 5.55555555556
182 244 5.61655956302
182 248 5.12315519579
182 250 5.43125446594
182 251 5.33001790889
183 224 6.07456739231
183 252 5.60772154092
183 275 2.07927620517
183 281 2.03531375253
185 192 8.05822964025
185 219 6.69649530182
185 236 5.47996624351
186 189 6.71156055214
186 191 3.82359556451
186 194 3.86333704643
186 202 4.68807230938
186 204 5.24142418361
186 205 7.53778361444
186 208 5.74484989621
186 209 3.93140566985
187 227 5.71661950475
187 236 4.83368244523
187 237 9.24500327042
187 238 7.37209780774
187 239 5.30744892434
187 244 4.59800489872
187 245 7.78498944162
187 250 7.88110406239
187 253 7.6028592127
187 256 5.94438298278
187 257 7.0359754473
187 259 5.39949247156
188 210 5.89255650989
188 211 10.4828483672
188 222 9.90147542977
188 225 8.51256530759
188 228 14.0028008403
188 230 6.07456739231
188 231 6.52328073053
188 234 10.5999788001
188 235 8.63868425581
188 237 6.95048046857
188 238 8.00640769025
188 241 7.47435092752
188 242 8.19231920519
188 250 6.95048046857
188 255 7.39221270955
188 259 6.46846227353
189 208 9.3250480824
190 198 3.87201546331
190 247 4.36020720197
190 249 4.66760028009
190 272 3.80417928454
190 286 4.60287308949
190 289 4.51293682407
190 311 4.93864798325
191 197 4.62744813383
191 200 5.08986598559
191 202 7.93051585718
191 203 7.6028592127
191 204 4.53609211627
191 205 4.80015360737
192 198 5.59892510956
192 201 6.68153104781
192 210 5.27779813969
192 219 7.78498944162
192 236 4.50377349111
192 240 7.90569415042
192 249 4.6473941234
192 255 6.32455532034
193 194 5.69802882298
193 200 6.59380473396
193 202 9.24500327042
193 203 9.01669634667
193 204 8.70388279778
193 205 7.2547625011
193 207 9.66736489046
193 212 6.85188709828
193 246 8.33333333333
194 200 4.15945165404
194 202 4.45877962068
194 204 5.07673082567
195 199 5.68880123989
195 211 6.06339062591
195 232 6.32455532034
195 241 6.27455805138
195 242 8.21994936527
195 251 4.75114338146
196 199 7.01862406344
196 201 7.66964988847
196 206 6.0858061945
196 212 8.87356509416
196 222 10.4828483672
196 234 5.99760143904
196 235 6.21369766001
196 240 9.20574617898
196 241 6.0412209333
196 242 6.8041381744
196 255 6.71156055214
197 198 4.52678730213
197 202 5.1031036308
197 203 5.47175655165
197 207 5.29998940003
197 233 5.98684340089
197 246 5.58145572186
197 249 5.81238193719
198 219 3.81801774161
198 249 5.29998940003
199 222 8.45154254729
199 235 8.51256530759
199 241 13.0188910981
199 242 7.12470499879
200 202 6.415002991
200 203 6.44156626401
200 205 7.37209780774
200 207 5.27779813969
201 207 6.75737378399
201 212 9.01669634667
201 222 8.73704056661
201 234 9.05357460425
201 235 6.88428390822
201 240 15.4303349962
201 246 6.29940788349
201 255 10.1015254455
202 203 12.5
202 204 8.94427191
202 205 6.52328073053
202 207 6.83585927025
202 246 5.84206237837
203 204 7.08881205008
203 205 7.55928946018
203 207 7.33235575107
203 246 7.12470499879
204 205 5.64332647983
204 207 5.78314931966
204 246 7.29324957489
205 209 4.48561304016
206 236 3.80417928454
206 315 8.45154254729
207 212 6.96733014292
207 235 5.57278212575
207 240 5.67047977124
207 246 8.03219328902
208 215 2.82616709472
210 212 5.36056267419
210 225 8.51256530759
210 226 5.70730145535
210 227 6.06339062591
210 228 6.88428390822
210 231 5.46358364708
210 240 5.47996624351
210 248 6.88428390822
210 250 5.13665496938
210 255 10.7211253484
211 222 8.30454798537
211 225 10.976425999
211 226 6.65190105238
211 228 18.8982236505
211 230 9.20574617898
211 231 8.16496580928
211 232 6.27455805138
211 233 5.95491334175
211 234 7.90569415042
211 235 7.6028592127
211 241 8.83883476483
211 242 11.7851130198
211 251 7.31272424127
211 255 6.27455805138
212 222 6.90065559342
212 240 10.0503781526
212 242 6.05227532669
212 246 10.1534616513
212 255 7.93051585718
213 214 5.38381902058
213 216 2.57684036015
213 217 3.77425678048
213 218 2.38230327603
213 303 4.44115591684
213 332 3.12043239707
214 216 3.40799088295
214 217 3.776947873
214 218 2.08559758064
214 303 3.03728369615
215 216 3.86622336514
216 217 4.04888165089
218 258 3.02198942608
219 236 4.63241054612
219 240 5.16397779494
219 300 3.30770600828
220 243 4.01286176953
220 244 4.76731294623
220 248 5.14344499874
221 272 4.14869906823
221 285 6.16626415978
221 286 5.25588331228
221 311 6.45497224368
221 330 4.25628265379
221 332 4.7298376984
222 225 6.29940788349
222 228 9.75900072949
222 234 11.8678165819
222 235 12.5
222 238 6.0858061945
222 240 7.27392967453
222 241 10.7211253484
222 242 11.2508790093
222 255 8.80450906326
223 280 1.71322314617
223 281 1.84742233484
223 282 1.86177455834
223 283 1.6767104359
223 284 1.78542964169
224 252 2.92227816093
225 226 10.976425999
225 227 7.95557284176
225 228 13.0188910981
225 230 7.43294146247
225 231 9.57826285221
225 234 6.11990061362
225 237 5.59892510956
225 242 7.98086884468
225 245 5.86210381761
225 248 5.8222250974
225 250 6.36284762976
225 251 5.53848775622
225 255 7.12470499879
226 227 9.66736489046
226 228 6.48203723552
226 230 7.49531688996
226 231 6.48203723552
226 237 5.7735026919
226 243 6.8199433947
226 244 5.87220219515
226 245 7.17958158618
226 248 5.95491334175
226 250 6.68153104781
226 251 4.98135481387
226 253 4.96291666985
226 256 6.27455805138
227 228 6.14295116834
227 230 5.63436169819
227 231 6.36284762976
227 237 8.73704056661
227 238 5.67961834247
227 243 4.90290337845
227 244 5.8222250974
227 245 17.4077655956
227 248 5.10976130308
227 250 10.5999788001
227 253 6.26224291085
227 256 9.85329278164
228 230 7.10669054519
228 231 9.05357460425
228 233 6.37576713063
228 234 10.9108945118
228 235 7.98086884468
228 241 7.53778361444
228 242 10.4257207029
228 250 6.27455805138
228 255 8.77058019307
229 230 6.49569802462
229 237 5.70730145535
229 239 5.65233418944
229 251 5.1987524491
229 253 6.21369766001
229 259 8.13788458771
230 231 8.21994936527
230 237 5.57278212575
230 243 5.20579206295
230 245 5.31494003453
230 250 5.18475847365
230 251 11.2508790093
230 253 6.48203723552
230 259 4.98754668054
231 232 5.31494003453
231 233 6.50944554904
231 237 5.1987524491
231 245 5.28516422582
231 249 5.43125446594
231 251 6.8199433947
231 253 5.36056267419
232 233 4.8224282217
232 242 6.37576713063
232 251 6.26224291085
233 234 7.17958158618
233 235 6.07456739231
233 239 5.01254707117
233 247 7.58098043579
233 249 6.26224291085
233 251 5.08328567775
233 259 5.48821299948
234 235 13.2453235707
234 238 6.415002991
234 240 6.37576713063
234 241 7.76150525706
234 242 7.10669054519
234 255 8.90870806375
234 257 6.05227532669
234 259 5.91312395989
235 238 5.89255650989
235 240 5.32246295412
235 241 14.2857142857
235 242 7.43294146247
235 255 5.94438298278
235 259 6.05227532669
236 238 5.69802882298
236 257 5.18475847365
236 300 3.71134809513
236 315 5.20579206295
237 238 9.9503719021
237 239 5.27046276695
237 244 5.71661950475
237 245 11.6247638744
237 250 13.130643286
237 253 10.0
237 256 7.17958158618
237 257 6.26224291085
237 259 6.71156055214
238 239 5.16397779494
238 244 5.47996624351
238 245 6.14295116834
238 250 10.1534616513
238 253 5.61655956302
238 256 5.63436169819
238 257 7.33235575107
238 259 6.75737378399
239 247 7.10669054519
239 253 6.48203723552
239 257 7.69230769231
239 259 13.6082763488
240 246 5.52157630374
240 255 8.70388279778
241 242 9.71285862357
242 246 5.79284446363
242 255 7.21687836487
243 244 6.5512178208
243 245 5.03154605427
243 256 5.09647191438
244 245 6.0858061945
244 248 5.85205735981
244 250 8.27605888602
244 256 8.90870806375
245 250 12.3091490979
245 253 8.00640769025
245 256 11.0431526075
245 257 4.81683050859
246 255 5.87220219515
247 249 4.6175709654
247 253 4.41081091391
247 257 6.16626415978
247 259 6.0858061945
247 311 4.74578997876
248 254 4.27569124809
248 256 5.34522483825
249 255 6.11990061362
250 253 6.68153104781
250 256 10.6600358178
250 257 5.38381902058
250 259 5.08986598559
251 253 4.38951281306
252 275 2.65840888676
252 281 2.1790681682
252 282 1.88813728012
252 284 1.8528051862
253 256 4.86792383511
253 257 5.53001263609
253 259 7.0359754473
254 256 4.77273959903
257 259 7.55928946018
260 261 4.25628265379
260 262 3.68354734342
260 264 3.73196685431
260 266 4.03567156136
260 267 5.24863881081
260 268 5.01885613228
260 269 4.18121005004
260 270 7.17958158618
260 271 3.55334527259
260 273 3.08459849238
260 274 4.28746462856
260 276 6.16626415978
260 277 3.99043442234
260 278 5.41530361074
260 279 6.65190105238
261 262 4.33963036603
261 263 5.54700196225
261 264 4.18121005004
261 270 4.70360434192
261 271 4.43678254708
261 272 4.37269469447
261 273 4.86216638326
261 274 6.48203723552
261 276 5.47996624351
261 278 8.30454798537
261 279 8.77058019307
261 288 5.43125446594
261 292 5.1987524491
261 293 5.05076272276
261 299 5.36056267419
261 307 8.13788458771
261 321 5.57278212575
261 322 4.81125224325
261 330 6.0412209333
262 264 7.51646028003
262 265 5.47175655165
262 266 5.76390417704
262 267 5.11644510097
262 269 6.0971076085
262 270 5.8222250974
262 271 2.97087955511
262 273 4.12393049421
262 276 3.16544468916
262 278 4.472135955
262 288 5.01254707117
262 292 4.90880693674
263 291 6.59380473396
263 292 4.78364873235
263 293 6.05227532669
263 299 5.78314931966
263 305 4.63241054612
263 306 4.87370178829
263 307 7.33235575107
263 309 5.55555555556
263 310 4.56911662385
263 313 5.17780373078
263 317 5.03154605427
263 318 11.6247638744
263 321 7.73823232534
263 322 13.7360563949
263 324 5.34522483825
263 325 5.01254707117
263 327 8.21994936527
263 333 4.77818482567
263 334 5.46358364708
263 335 5.14344499874
264 265 4.77273959903
264 266 6.20173672946
264 267 6.11990061362
264 269 4.18853908292
264 270 5.3760333057
264 271 3.59442577345
264 273 4.49466574975
264 278 5.39949247156
264 279 3.81246425832
264 288 5.17780373078
264 330 4.31130613559
265 269 3.87783367165
265 288 8.05822964025
265 292 7.23574605292
265 304 5.89255650989
265 308 5.55555555556
265 312 4.31130613559
265 316 6.07456739231
266 267 11.2508790093
266 268 3.41992784028
266 269 5.1987524491
266 270 6.13139339485
267 268 4.44554224474
267 269 5.74484989621
267 270 7.01862406344
267 271 2.97877734367
267 276 3.61314686765
267 277 3.10535047022
267 278 4.48110714948
267 279 4.05887479234
268 269 3.93749615479
268 270 4.18486975319
268 276 5.08986598559
268 277 4.6175709654
268 279 4.04556697031
269 270 5.3760333057
269 276 3.91930900835
269 277 2.85365072768
269 279 3.81801774161
270 271 3.88661037168
270 273 4.09960030845
270 274 3.73196685431
270 276 4.93263623667
270 277 3.5805743702
270 278 5.16397779494
270 279 5.55555555556
271 273 6.16626415978
271 274 4.06894229386
271 276 3.46064270103
271 277 3.57142857143
271 278 4.7404546314
271 279 4.84501583112
271 307 5.00626174322
271 330 4.32742322408
272 274 4.29141075423
272 276 4.18853908292
272 277 5.94438298278
272 278 4.18853908292
272 279 4.95681597097
272 285 3.86333704643
272 286 5.5131784642
272 303 3.64178520365
272 311 4.75114338146
272 330 5.58145572186
272 332 3.85758374905
273 276 3.03169531295
273 278 4.44554224474
273 279 3.92534335989
273 307 5.1987524491
274 276 8.4818892968
274 277 5.8321184352
274 278 4.71929178183
274 279 8.90870806375
275 281 2.53266029793
275 282 2.16675695009
275 283 2.28934273248
275 284 2.4922239314
276 277 6.66666666667
276 278 4.61265604014
276 279 9.3250480824
277 279 5.91312395989
278 279 8.36242010007
278 286 5.16397779494
278 288 6.42824346533
278 292 4.39799497134
278 307 8.27605888602
278 330 9.3250480824
279 307 5.43125446594
279 330 5.87220219515
280 281 2.42321905836
280 282 2.83069258536
280 283 2.9037395207
280 284 2.58198889747
281 282 10.976425999
281 283 4.13449115297
281 284 8.67109969524
282 283 4.51753951453
282 284 8.51256530759
283 284 6.96733014292
285 286 4.94468176434
285 289 4.74578997876
285 295 4.68292905791
285 302 5.0251890763
285 311 9.40720868384
285 320 4.48561304016
285 329 4.70360434192
285 332 5.71661950475
285 333 4.53609211627
286 288 4.7298376984
286 289 6.88428390822
286 293 5.93390829097
286 296 5.15026202625
286 302 9.66736489046
286 307 5.54700196225
286 311 6.0412209333
286 320 6.32455532034
286 321 5.64332647983
286 330 10.7832773203
286 333 4.51293682407
287 294 4.58831467741
287 297 6.88428390822
287 298 6.60818600455
287 304 5.0379272186
287 305 11.6247638744
287 306 5.36828127095
287 308 6.37576713063
287 309 7.17958158618
287 310 14.2857142857
287 312 6.8041381744
287 314 4.32742322408
287 316 4.28352936878
287 318 5.4392829322
287 319 5.29998940003
287 322 5.32246295412
287 324 5.11644510097
287 325 9.71285862357
287 327 6.90065559342
288 291 5.93390829097
288 292 8.80450906326
288 296 4.71404520791
288 299 4.86216638326
288 304 7.0359754473
288 307 5.4392829322
288 308 4.98754668054
288 316 6.66666666667
288 322 4.88531968746
288 329 4.53609211627
288 330 5.59892510956
289 293 5.72598334314
289 295 4.68292905791
289 302 9.71285862357
289 311 5.19174131651
289 320 17.9605302027
289 323 4.6473941234
289 330 4.78364873235
289 334 6.11990061362
289 335 5.79284446363
290 298 5.78314931966
290 312 4.51753951453
291 292 5.76390417704
291 293 7.16114874039
291 295 6.0412209333
291 296 7.66964988847
291 299 6.637233116
291 302 5.99760143904
291 304 5.95491334175
291 307 6.0412209333
291 309 8.00640769025
291 313 10.2597835209
291 316 5.80258853186
291 317 6.26224291085
291 319 13.3630620956
291 321 14.90711985
291 322 7.16114874039
291 324 7.76150525706
291 329 8.63868425581
291 333 5.87220219515
291 334 7.05345615859
291 335 7.33235575107
292 299 7.453559925
292 304 5.00626174322
292 305 5.05721737424
292 306 5.48821299948
292 308 5.39949247156
292 312 4.29141075423
292 316 8.39181358297
292 317 4.41941738242
292 318 4.7619047619
292 322 4.83368244523
292 329 4.98135481387
293 295 5.17780373078
293 302 5.67047977124
293 307 6.95048046857
293 313 6.53720450461
293 320 5.99760143904
293 321 12.3091490979
293 322 5.7735026919
293 324 5.98684340089
293 328 5.79284446363
293 330 5.8321184352
293 333 11.1111111111
293 334 10.5409255339
293 335 7.64719112902
294 300 4.07231481188
294 305 4.69840985735
294 308 4.14157683281
294 310 5.14344499874
294 336 3.4794450032
295 296 4.84501583112
295 313 10.8465228909
295 314 4.80015360737
295 317 5.46358364708
295 319 6.42824346533
295 321 5.46358364708
295 328 8.13788458771
295 329 6.0858061945
295 333 4.84501583112
295 334 8.73704056661
295 335 13.130643286
296 297 5.08328567775
296 302 7.62492851663
296 304 6.45497224368
296 305 5.24142418361
296 308 6.0412209333
296 309 7.53778361444
296 310 5.68880123989
296 312 6.32455532034
296 313 6.78844233302
296 316 5.78314931966
296 319 13.130643286
296 320 4.69840985735
296 321 5.53001263609
296 323 4.82804549585
296 324 6.0858061945
296 325 4.95073771488
296 329 6.42824346533
296 336 6.0971076085
297 298 4.84501583112
297 305 5.13665496938
297 309 7.05345615859
297 310 7.10669054519
297 312 4.50377349111
297 313 6.27455805138
297 314 4.87370178829
297 318 4.40652649239
297 319 5.61655956302
297 322 4.93864798325
297 323 4.34372242763
297 324 5.90281336101
297 325 10.4828483672
297 327 5.46358364708
297 336 5.1987524491
298 305 5.39949247156
298 306 5.87220219515
298 308 4.66760028009
298 310 5.0251890763
298 312 5.44734710703
298 314 6.52328073053
298 316 3.85758374905
298 317 4.36852028331
298 325 4.37269469447
299 306 6.86802819743
299 314 4.7404546314
299 316 5.18475847365
299 317 9.53462589246
299 318 5.8222250974
299 321 6.0858061945
299 329 6.66666666667
299 333 4.50377349111
300 323 5.04433272305
300 336 5.68880123989
302 304 5.1031036308
302 307 4.70360434192
302 309 5.87220219515
302 311 5.16397779494
302 313 5.70730145535
302 319 6.37576713063
302 320 9.9503719021
302 321 5.70730145535
302 323 5.65233418944
302 324 5.47175655165
302 330 5.74484989621
302 334 5.49649709929
302 335 5.4554472559
302 336 4.99376169439
303 332 6.59380473396
304 305 5.87220219515
304 307 4.72455591262
304 308 6.86802819743
304 309 9.36585811582
304 310 6.14295116834
304 312 6.0412209333
304 316 5.53001263609
304 319 5.91312395989
304 322 5.8222250974
304 323 5.47996624351
304 324 6.83585927025
304 325 5.31494003453
304 327 5.55555555556
304 330 4.42373955204
305 306 5.78314931966
305 308 9.20574617898
305 309 7.49531688996
305 310 14.2857142857
305 312 7.2547625011
305 316 5.92348877759
305 318 5.22708373489
305 319 6.35000635001
305 322 5.56414884075
305 325 7.17958158618
305 327 6.8041381744
306 308 4.62744813383
306 312 4.32337701167
306 314 4.89702106874
306 316 4.69323254464
306 317 5.85205735981
306 318 6.91714463866
306 327 4.53143254429
306 329 4.55015755193
307 309 5.07673082567
307 318 4.67269313516
307 321 7.31272424127
307 322 7.73823232534
307 324 4.8224282217
307 327 5.28516422582
307 330 8.19231920519
307 333 4.57389353746
308 309 5.95491334175
308 310 6.95048046857
308 312 14.1421356237
308 316 9.09090909091
308 319 6.01929265429
308 325 4.70360434192
308 327 4.41081091391
308 329 4.61265604014
309 310 10.3695169473
309 312 5.8321184352
309 313 6.21369766001
309 318 5.15710623129
309 319 8.39181358297
309 321 6.49569802462
309 322 8.30454798537
309 323 6.72672793996
309 324 8.98026510134
309 325 10.5409255339
309 327 8.51256530759
309 336 5.15026202625
310 312 6.69649530182
310 313 5.05076272276
310 316 4.65242105199
310 318 4.90880693674
310 319 6.46846227353
310 322 5.87220219515
310 323 5.33001790889
310 324 5.33760512684
310 325 12.8036879933
310 327 7.73823232534
310 336 4.74578997876
311 320 4.69323254464
311 332 5.30744892434
312 316 6.36284762976
312 319 5.8321184352
312 324 4.95073771488
312 325 4.85642931179
312 329 4.64238345443
312 336 4.56911662385
313 314 6.11990061362
313 317 6.25
313 319 10.8465228909
313 321 8.27605888602
313 322 5.24142418361
313 324 5.78314931966
313 325 5.21995750972
313 328 6.20173672946
313 329 7.51646028003
313 333 5.78314931966
313 334 10.6600358178
313 335 14.2857142857
314 317 7.83260449988
314 318 4.26401432711
314 329 6.40184399664
316 319 6.38876565
316 329 6.07456739231
317 318 5.21995750972
317 319 5.16397779494
317 321 5.99760143904
317 328 5.62543950463
317 329 7.64719112902
317 333 5.43125446594
317 334 5.14344499874
317 335 5.35287727572
318 321 5.68880123989
318 322 8.87356509416
318 324 5.08986598559
318 325 5.18475847365
318 327 8.00640769025
319 321 7.35214622094
319 322 5.43125446594
319 324 6.32455532034
319 325 5.57278212575
319 329 8.63868425581
319 334 5.92348877759
319 335 6.77285461479
320 323 4.76731294623
320 330 4.65242105199
320 334 5.87220219515
320 335 5.35287727572
321 322 7.66964988847
321 324 8.13788458771
321 329 6.36284762976
321 330 5.64332647983
321 333 8.4818892968
321 334 8.45154254729
321 335 7.47435092752
322 324 6.8199433947
322 325 6.69649530182
322 327 14.2857142857
322 334 5.14344499874
323 325 5.65233418944
323 327 5.05721737424
323 336 4.78913142611
324 325 5.95491334175
324 327 5.67961834247
324 329 4.85642931179
324 333 5.25588331228
325 327 9.36585811582
325 336 4.7404546314
328 333 6.11990061362
328 334 8.77058019307
328 335 8.67109969524
329 333 4.95073771488
329 335 5.47175655165
333 334 7.51646028003
333 335 6.0858061945
334 335 22.9415733871
