14 16 33 49 72 97 122 133 149 157 163 186 206 223 277 300 306 309 317 324 328 377 402 431 437 470 501 506 526 538 565 606 620 637 715 749 757 780 822 828 841 842 844 849 857 903 936 967 990 
67 71 89 107 137 185 201 236 248 267 287 330 349 387 494 499 559 583 624 628 702 756 
4 21 24 76 115 147 171 196 237 243 257 291 303 322 373 481 488 509 522 574 597 600 601 633 649 672 704 706 713 725 742 753 754 787 820 826 848 901 915 945 948 951 962 970 972 975 981 987 
12 36 39 50 111 148 159 174 183 241 279 358 379 380 394 438 448 523 524 536 548 552 573 584 594 632 640 654 657 677 736 745 786 788 801 816 817 873 882 883 886 902 952 956 963 966 988 997 
17 19 27 37 40 43 48 52 53 60 62 84 93 105 112 113 126 132 161 175 182 208 238 251 263 265 275 298 316 326 334 342 362 382 392 404 409 415 418 424 452 453 466 474 480 487 490 491 500 534 537 542 543 554 556 568 605 617 631 646 660 668 676 680 682 685 703 718 729 732 734 744 759 760 761 762 765 792 799 833 838 850 861 880 884 897 908 914 921 924 928 929 935 938 940 958 960 976 980 
41 82 85 104 110 212 299 340 350 353 388 398 399 439 461 545 608 621 629 638 641 652 691 692 711 716 728 730 777 784 824 843 864 865 887 891 904 943 950 961 971 973 991 992 
1 18 42 54 74 94 119 124 167 187 198 210 211 246 250 310 348 368 369 403 440 456 463 464 502 532 541 571 602 607 613 626 693 747 790 839 845 869 909 920 930 934 994 
79 87 99 165 188 224 249 255 284 331 337 357 367 370 465 503 562 667 707 723 764 769 770 773 789 834 863 877 
5 25 44 81 98 106 129 130 142 143 145 154 156 192 195 219 222 229 234 240 262 266 271 280 289 294 335 355 360 390 412 419 425 433 457 479 483 507 512 544 577 588 596 619 627 634 663 701 726 731 737 750 752 772 796 818 823 837 860 879 888 905 912 927 947 953 955 986 996 
8 108 191 215 247 256 268 282 301 319 338 359 385 406 428 430 455 476 496 528 564 593 614 647 665 671 678 679 686 690 721 791 795 802 805 827 859 889 907 933 946 957 985 
9 29 127 199 293 314 323 343 422 434 442 519 525 531 579 586 595 636 645 710 775 794 819 836 878 910 
28 38 56 66 120 121 139 286 295 376 449 477 489 530 591 599 604 648 681 727 766 776 829 
158 177 194 227 230 272 318 333 400 420 435 560 569 575 576 585 590 659 662 688 695 755 767 779 806 814 885 890 917 
2 6 15 23 30 31 59 61 64 65 77 90 102 118 128 134 135 140 141 160 166 181 200 207 214 221 231 235 254 260 264 270 276 288 292 312 329 339 356 363 366 378 410 413 458 472 485 497 511 515 516 527 540 570 572 589 592 610 611 625 635 643 644 651 658 664 670 687 705 712 714 720 774 798 812 825 854 858 875 881 913 918 942 978 982 989 998 
3 63 100 136 144 202 220 244 315 321 375 462 473 580 630 655 689 694 751 832 835 851 867 876 894 899 
32 164 169 180 225 258 313 325 383 391 395 414 441 460 469 486 495 612 615 639 815 
7 26 51 75 101 123 150 152 168 172 190 193 216 217 239 245 273 307 345 346 361 365 372 381 411 427 468 475 498 510 520 535 557 561 567 587 598 609 674 683 724 738 740 741 809 811 856 868 872 895 900 916 932 937 965 979 984 993 995 
46 58 114 117 153 155 218 308 401 426 432 436 467 492 521 549 553 566 653 669 675 700 722 808 892 
10 45 69 83 88 116 131 189 197 204 274 281 364 384 389 393 396 443 450 459 533 550 618 642 696 708 709 758 781 783 821 830 846 944 949 
22 34 78 138 146 151 209 242 252 253 269 283 285 296 305 336 344 352 374 386 405 423 445 504 529 546 616 699 739 778 782 853 931 939 954 
55 73 125 173 179 228 233 278 290 297 332 341 407 416 429 451 454 478 493 514 517 547 555 603 623 673 697 717 719 743 748 763 810 840 847 870 893 922 923 925 941 969 974 999 1000 
11 20 47 57 68 86 91 92 95 103 176 178 184 213 226 302 320 327 347 351 354 397 408 421 444 446 447 471 505 513 551 558 563 578 581 582 622 650 656 661 666 684 698 733 735 768 771 785 797 800 803 807 813 831 852 862 871 898 906 911 919 926 959 964 968 977 983 
13 35 70 80 96 109 162 170 203 205 232 259 261 304 311 371 417 482 484 508 518 539 746 793 804 855 866 874 896 
