
121 193 219 231 315 327 476 479 505 512 530 562 566 596 609 676 677 697 704 712 713 717 725 727 732 737 769 796 838 841 845 866 876 889 896 901 922 947 949 962 963 965 973 978 986 990 998 999 1000 
29 97 241 245 283 289 293 331 348 406 458 492 521 655 663 688 703 715 721 738 750 768 782 784 786 794 810 817 825 828 846 847 877 881 948 969 
7 18 95 128 143 212 243 264 269 309 321 338 369 407 524 525 542 607 632 835 952 
26 34 40 44 47 121 123 168 170 191 277 329 366 396 423 447 655 996 
49 58 142 252 296 299 328 367 408 511 535 539 561 576 625 651 671 674 706 728 755 761 851 959 960 965 
117 164 167 235 395 400 418 424 451 473 488 521 532 533 541 543 558 565 584 617 634 665 685 729 772 775 795 802 815 854 855 861 871 875 886 888 893 908 911 916 945 970 993 999 
19 126 176 179 188 192 257 260 308 384 387 460 466 520 522 568 611 642 689 943 989 994 
28 39 69 135 292 301 339 365 372 425 427 484 517 534 541 551 564 658 659 680 683 687 690 740 751 795 800 813 910 952 969 
3 4 37 64 71 122 146 154 158 175 948 982 
99 103 161 185 204 253 346 474 483 491 513 514 548 571 624 635 645 847 979 985 996 
2 166 186 190 232 250 259 271 357 401 405 898 913 943 958 
11 73 86 145 174 178 207 331 607 654 741 927 
60 106 224 225 251 262 281 337 364 380 390 694 743 831 944 982 
1 12 196 214 311 345 378 417 421 530 615 617 639 650 660 723 749 795 799 807 831 882 913 944 964 980 981 982 991 994 
9 43 58 61 134 247 256 295 317 319 397 428 439 464 468 507 573 633 654 699 714 724 731 753 767 782 789 794 803 844 852 868 878 884 936 960 
21 27 57 112 141 148 155 183 303 331 465 512 859 873 897 910 
50 88 93 270 281 313 336 349 352 370 382 416 429 523 689 694 831 991 
33 180 202 211 230 254 291 306 413 452 472 489 609 630 859 927 932 1000 
62 84 139 200 215 285 287 320 371 420 477 521 607 859 932 964 985 
6 9 20 68 81 136 144 149 171 180 182 234 240 357 379 410 527 611 638 956 981 995 
41 70 79 109 113 138 222 242 266 386 490 502 531 570 577 582 602 630 637 646 897 
17 31 89 130 162 223 324 445 448 470 493 497 673 710 806 818 965 
6 13 25 55 92 199 208 220 226 294 325 388 394 528 572 611 618 661 668 681 685 693 701 744 763 770 812 834 835 936 987 
96 121 132 156 255 276 300 304 343 411 434 526 530 610 627 662 681 691 698 739 758 765 778 787 797 853 857 860 863 869 880 885 905 906 920 923 925 937 940 941 942 946 948 966 967 
59 74 104 110 116 160 187 322 455 461 562 575 592 666 694 710 718 726 745 757 766 771 781 805 826 836 837 847 932 959 963 970 
76 107 114 119 248 278 297 318 354 743 777 815 898 919 943 
38 217 229 269 298 333 335 363 402 440 441 442 457 500 538 721 818 956 997 
5 12 36 40 133 169 214 227 258 355 359 389 529 537 585 599 614 616 648 664 682 689 705 743 774 783 790 806 811 856 891 897 909 915 921 928 931 935 938 939 985 989 
24 30 46 288 319 340 357 361 426 467 475 486 544 556 588 595 608 654 718 794 
9 53 63 111 172 195 294 314 422 432 446 469 478 498 504 519 536 629 636 669 675 686 700 702 708 782 788 818 820 842 872 899 902 907 912 914 924 929 934 958 987 988 
67 77 131 151 184 218 228 269 302 377 385 685 762 777 834 882 980 993 
10 45 124 353 435 509 579 590 601 623 641 647 653 678 698 707 722 730 733 736 742 746 780 806 808 819 821 850 858 865 870 873 913 958 997 
58 102 105 198 275 294 310 414 495 496 553 554 560 578 609 851 919 987 988 995 998 
1 12 42 79 87 125 152 286 356 383 456 481 559 620 655 679 695 734 752 762 779 798 809 814 827 832 833 839 843 862 867 879 887 890 927 936 959 
65 85 147 165 282 307 330 342 398 409 443 444 512 718 851 994 
56 129 153 157 263 274 284 305 319 351 391 392 630 762 969 
16 48 80 83 100 140 203 206 210 334 673 712 721 956 970 
14 32 40 52 94 118 246 316 344 347 506 510 540 541 555 586 597 600 604 606 619 631 643 652 684 695 696 711 760 793 823 848 849 874 917 944 963 977 979 995 998 
8 35 150 159 180 209 233 268 272 358 360 393 415 449 459 981 
75 90 213 323 341 362 488 494 508 545 569 589 613 621 649 656 657 672 673 716 720 754 756 764 773 776 801 804 977 996 
23 91 101 194 201 216 350 368 375 431 437 503 516 546 547 591 605 644 667 670 815 1000 
1 120 127 214 265 312 373 404 412 430 471 482 518 562 567 587 593 612 622 628 656 698 709 712 741 792 822 824 830 834 840 857 864 904 930 950 954 957 960 968 971 972 974 975 976 983 984 992 993 
6 54 163 170 290 326 381 419 438 480 550 580 681 692 719 735 747 748 759 785 791 816 829 882 883 892 894 895 898 900 903 918 926 933 951 953 955 961 977 979 980 988 989 997 999 
51 79 98 137 244 374 376 403 433 450 453 462 499 501 515 640 777 857 873 910 991 
15 72 78 108 115 181 205 249 261 267 273 279 695 
82 173 177 189 197 221 237 238 281 488 552 557 563 581 603 617 626 656 710 835 952 
22 66 170 236 239 280 332 399 436 454 463 485 487 549 574 583 594 598 741 919 964 

























































































































































































































































































































































































































































































































































































































































































































































































































































































































































































