126 293 320 395 404 412 417 431 433 503 523 656 687 725 728 743 745 757 819 820 837 881 889 913 916 917 919 920 936 938 945 949 951 952 954 958 963 965 966 969 972 980 
9 10 29 92 95 199 241 244 246 285 300 303 331 
20 103 113 177 200 209 287 307 310 335 337 338 341 380 
86 194 217 220 239 275 286 301 334 346 386 389 454 484 528 558 572 575 588 
118 123 144 152 180 198 201 268 272 342 358 369 378 419 488 500 585 
17 40 62 78 93 109 120 132 136 172 186 
51 54 64 79 81 91 137 141 149 192 195 
49 63 89 115 135 292 344 362 406 407 470 483 492 524 538 615 619 638 664 678 681 
75 134 157 289 295 347 444 448 460 461 482 511 542 618 641 654 655 657 661 686 707 716 734 737 
7 60 121 160 298 379 467 496 537 553 600 604 645 648 752 768 772 799 806 850 856 868 918 926 941 942 944 948 953 955 956 962 974 979 981 984 987 988 989 990 991 994 995 996 997 
94 98 138 173 181 182 222 267 280 299 319 368 391 398 416 440 466 491 505 547 581 
156 179 212 254 304 336 384 390 397 413 501 579 628 631 658 676 704 729 735 750 756 762 776 790 800 808 
2 82 106 168 196 325 343 370 414 455 456 518 534 545 596 601 603 636 652 
22 47 68 80 96 133 145 158 174 184 187 
1 5 14 19 30 147 159 269 278 281 353 392 446 529 562 594 599 609 748 759 765 788 789 792 802 830 835 859 866 876 880 899 902 915 924 937 
15 43 112 130 150 154 255 313 348 349 372 435 493 504 513 541 621 639 642 673 708 736 767 782 810 813 824 
4 12 33 34 39 50 90 125 146 151 183 191 463 468 516 521 
23 31 52 74 143 166 171 219 356 382 400 408 464 476 556 580 587 592 623 630 637 640 671 689 751 764 793 814 
38 175 176 204 236 248 253 276 339 383 411 429 452 473 494 531 
69 83 216 221 279 317 405 426 450 472 487 508 509 567 583 593 611 669 695 730 738 753 787 794 795 839 843 860 871 887 895 903 914 927 933 939 943 960 968 970 976 983 
3 21 25 35 114 224 354 361 388 403 548 552 578 589 598 688 691 698 702 720 722 760 785 822 831 849 851 857 867 870 
44 124 208 232 262 290 371 424 432 457 480 550 591 597 614 625 670 711 727 732 739 769 774 778 781 801 842 869 875 884 888 893 898 910 921 
59 105 140 230 231 247 270 291 312 323 430 438 451 474 475 520 564 566 577 644 
274 288 308 366 381 415 422 510 526 527 544 557 590 608 646 668 693 694 714 715 741 744 755 761 773 803 817 
87 223 234 258 302 332 357 374 462 499 514 517 532 559 563 586 595 632 690 721 821 825 834 845 853 858 865 872 873 890 892 901 
97 142 261 273 352 365 418 425 486 515 525 568 584 607 620 629 647 662 692 710 713 719 726 731 805 818 828 833 861 862 
67 122 153 211 233 238 252 257 271 284 314 318 396 399 441 554 573 605 633 659 663 666 685 733 740 763 766 812 823 836 841 
205 207 259 277 316 350 410 485 512 539 543 549 551 569 582 606 612 616 622 651 
16 46 55 71 117 148 161 197 229 240 251 294 
56 104 165 235 250 297 340 385 421 427 439 447 459 535 536 540 
24 70 127 321 326 428 478 506 533 555 565 574 602 610 613 635 660 682 696 703 749 777 784 796 816 826 840 846 852 854 
36 42 101 107 155 214 228 283 305 329 367 393 434 443 465 
8 18 41 65 76 102 170 189 237 243 256 282 
6 72 77 167 190 202 245 264 266 333 351 373 376 401 423 458 530 643 650 677 680 
58 61 178 185 206 213 218 260 306 324 330 420 436 453 471 477 490 495 497 570 624 627 649 697 747 797 798 811 829 848 878 886 912 
32 57 119 128 164 169 188 225 242 363 394 409 437 481 502 522 
45 84 111 345 360 364 377 634 653 706 709 712 718 723 742 770 783 809 815 838 844 855 879 882 883 894 900 928 929 930 932 934 946 950 957 961 964 967 971 973 977 978 982 985 992 993 998 999 1000 
37 100 162 193 226 227 311 322 327 387 445 479 498 519 561 667 672 683 684 699 701 717 758 775 779 786 791 827 832 847 863 885 891 897 907 909 922 923 931 947 975 986 
26 66 88 110 131 210 215 263 355 359 375 402 469 546 571 617 665 700 705 724 746 754 771 780 804 807 864 874 877 896 904 905 906 908 911 925 935 940 959 
11 13 27 48 53 73 85 99 108 116 
28 129 139 163 203 249 265 296 309 315 328 442 449 489 507 560 576 626 674 675 679 
