3 5 27 31 104 220 226 451 522 533 536 541 648 725 739 770 
20 21 200 235 286 368 372 401 414 427 
17 63 90 127 188 209 247 258 296 396 422 459 491 496 596 607 623 636 678 726 900 909 
10 280 351 367 412 476 512 525 572 602 608 660 706 728 778 787 796 806 816 832 841 862 864 910 931 946 956 
109 151 249 308 314 319 460 461 493 532 601 
1 9 243 272 311 363 365 398 478 553 621 644 649 686 698 720 
35 52 75 76 144 163 199 265 482 561 605 610 622 674 
37 135 164 167 180 186 224 253 285 288 305 397 405 442 453 471 508 520 523 540 550 635 641 724 729 743 749 751 769 771 813 919 930 936 940 943 945 1000 
7 29 62 168 211 225 234 261 283 302 318 435 481 513 537 590 619 631 694 758 847 889 895 918 934 947 962 965 
80 113 148 185 192 194 196 278 444 485 486 502 592 628 676 716 821 824 840 844 868 912 
18 32 57 246 271 276 326 342 376 469 518 684 689 715 757 783 793 809 835 842 845 872 882 920 
78 88 112 202 203 282 309 317 358 417 428 531 576 595 
25 191 252 266 297 333 457 477 519 558 597 
68 82 129 134 147 173 233 238 310 353 360 379 479 489 501 510 591 599 647 668 692 696 710 721 746 764 779 804 820 859 901 917 955 974 991 
13 65 84 111 213 239 260 334 340 369 384 385 667 699 754 763 775 
39 132 138 245 257 371 411 424 430 445 568 570 579 
15 48 70 71 97 99 153 174 183 204 221 230 329 410 506 514 524 557 585 611 614 645 651 662 671 672 693 745 750 762 789 791 817 829 831 892 928 959 963 970 980 982 997 
87 187 240 293 313 332 438 441 467 511 563 588 
38 83 93 114 140 145 160 177 205 207 215 227 256 295 298 393 402 419 426 473 483 521 526 542 548 681 766 801 812 815 822 825 852 904 922 923 933 941 944 951 967 977 984 990 992 994 
47 59 95 123 142 152 190 236 284 352 366 404 450 495 497 544 603 630 659 664 670 682 711 744 803 925 932 960 
28 60 107 178 181 206 217 269 349 389 443 449 538 578 642 683 730 772 780 
46 79 255 327 347 361 373 387 400 423 554 556 616 713 
11 56 73 102 229 242 287 307 328 331 341 346 377 454 564 573 584 615 618 657 828 839 877 881 
12 43 61 86 92 130 139 156 251 323 434 480 498 545 555 560 565 609 633 639 640 646 652 653 680 702 703 827 838 865 898 899 916 926 981 
30 136 248 268 289 356 406 421 429 439 490 509 543 551 559 566 582 594 643 675 690 731 784 808 810 837 850 851 871 883 894 897 903 908 911 927 952 971 979 985 987 999 
69 91 119 162 172 216 223 231 330 359 407 437 448 515 552 734 800 823 830 858 860 
22 100 125 281 355 390 409 413 420 431 458 574 575 577 580 600 629 687 759 818 853 863 876 878 914 915 957 961 973 983 
14 58 158 161 197 291 321 364 425 462 470 534 589 604 634 655 718 741 755 805 848 884 886 890 
66 149 184 189 228 274 277 304 370 447 455 487 504 658 697 723 768 833 836 855 869 874 905 
16 33 34 49 50 116 198 290 391 472 475 650 717 732 742 753 
24 74 137 146 176 195 292 345 394 465 500 598 627 737 788 790 811 849 856 
23 40 89 101 154 169 193 208 219 254 267 344 403 418 446 516 705 736 799 861 880 913 921 935 
19 64 126 143 159 171 179 182 212 264 301 303 325 348 382 416 440 492 527 567 583 586 617 637 663 665 679 685 707 733 761 802 854 902 907 937 942 950 964 966 969 993 996 
26 105 106 118 141 175 263 270 312 316 336 362 386 388 392 452 571 593 612 654 701 722 740 756 767 777 782 826 924 929 976 978 995 998 
6 53 77 103 108 122 165 241 324 374 466 529 666 704 709 748 760 792 814 885 
2 45 55 85 117 120 124 133 157 166 250 294 315 322 338 350 380 399 408 432 436 456 494 499 530 539 562 606 624 632 656 661 673 700 719 735 752 765 785 795 797 798 846 867 870 873 896 953 968 989 
94 150 210 244 275 279 299 354 468 535 626 638 677 688 708 714 747 819 834 
8 96 128 237 273 306 339 343 378 484 488 
4 36 41 72 81 115 131 201 232 259 300 337 357 375 383 415 463 464 507 549 581 587 625 669 691 712 738 773 774 781 794 843 866 906 948 958 975 988 
42 44 51 121 155 170 214 218 320 381 503 505 528 547 613 620 695 727 776 786 807 857 875 879 887 888 891 893 938 939 949 954 972 986 
54 67 98 110 222 262 335 395 433 474 517 546 569 
