1 3 3.10898023239
1 5 3.39187736061
1 9 3.00888330132
1 21 4.73641178047
1 30 4.60677879498
1 50 4.20116152966
1 94 6.3827764657
1 96 4.53655886444
2 24 5.89480842935
2 27 9.90876396622
2 28 7.33867130413
2 34 10.3645030779
2 44 5.39744717939
2 47 11.7859315157
2 54 6.8297981203
2 62 6.28657342392
2 66 7.34758022492
2 70 8.19149459959
2 71 7.00810254645
2 72 5.68035133832
2 74 11.9952028781
2 77 5.53780831222
2 90 6.27258274579
2 91 7.21124677731
2 100 5.55461272292
2 105 6.44638278912
3 9 4.66151077942
3 10 2.50510937083
3 12 2.29480359809
3 14 2.21101539014
3 15 2.85409235594
3 17 4.24736638749
3 19 2.51473869545
3 20 2.97192896509
3 21 5.30222395402
3 30 3.10493131782
3 56 2.38097937634
3 94 3.37111423862
4 6 3.1488918323
4 7 7.32546675012
4 10 6.66074863029
4 12 5.24524422773
4 14 9.71102652724
4 15 2.65901028572
4 17 3.42180935218
4 19 6.38329659579
4 20 2.43802385999
4 56 4.17632106706
4 92 3.60113179751
4 103 3.56190051024
5 16 4.4972103462
5 26 6.2352816471
5 33 4.89766708663
5 36 4.2190712838
5 39 3.90059984136
5 46 4.67800742853
5 59 3.93341240446
5 61 4.13703780622
5 69 6.06964200608
5 94 4.30028976329
5 96 7.29557832262
6 7 2.9983558526
6 10 4.0343576523
6 12 2.96253710346
6 14 2.51186518824
6 15 2.16082031321
6 17 2.2837717619
6 19 2.54840144317
6 56 3.25859119586
6 84 2.39082611744
6 89 1.5118855382
6 92 4.26766279852
6 103 2.29304728975
7 10 6.74184540261
7 12 6.41685173312
7 14 5.39658256287
7 15 3.56477356756
7 17 3.05018421763
7 19 5.50991367713
7 56 3.03869965643
7 92 2.72198797751
7 103 4.01308795638
8 18 9.0680802689
8 36 4.11365916944
8 41 3.9122540813
8 46 4.2277346063
8 53 5.1103617725
8 55 3.55871886121
8 59 4.42737999118
8 61 4.23364106437
8 72 4.93581972615
8 81 3.51242788181
8 99 3.58317081285
9 17 3.47033995276
9 20 2.90061070085
9 21 3.75913286505
9 30 3.44157112472
9 56 2.26684532127
9 94 4.71887141112
9 98 3.65885764734
10 12 6.65234259419
10 14 5.26344950667
10 15 3.50879352911
10 17 4.26867360477
10 19 5.74390213577
10 20 2.75130494388
10 56 4.73577438066
10 84 2.01967043525
10 92 3.82504980725
10 103 2.71049494443
11 35 1.63984232821
11 42 2.28729371721
11 49 3.34843534874
11 84 2.78295769727
11 89 7.33551148857
12 14 5.08769165974
12 15 3.0554191728
12 17 3.5620134914
12 19 3.99785772224
12 56 3.71024949243
12 92 2.63624763313
12 103 2.80325478638
13 88 3.98257848057
14 15 2.63592706714
14 17 4.24376968003
14 19 7.20675098711
14 20 2.61790869065
14 56 4.23744030151
14 92 3.05597554525
14 103 2.85028714527
15 17 2.90670656194
15 19 3.50978752776
15 21 2.03952557342
15 56 2.15641476144
15 92 1.99476462882
15 103 2.03177343758
16 24 6.89294636928
16 28 9.50743891588
16 40 5.01210632743
16 46 4.77905779267
16 47 7.99667407523
16 51 4.34183864216
16 54 6.02792575913
16 61 5.09660429543
16 67 5.43101416089
16 69 5.55521265178
16 70 4.87926802418
16 90 5.39312824723
16 100 4.42963810538
16 105 5.45585321246
17 19 4.60267806489
17 20 4.42495203378
17 21 2.43322687117
17 30 2.8029134048
17 56 4.61599648032
17 92 2.88391688727
17 98 2.66091113169
18 24 6.03132359555
18 25 3.94926966985
18 33 4.06981834242
18 36 4.6631830158
18 39 3.87483402141
18 41 4.37805544394
18 46 4.86233880968
18 53 6.23443335067
18 59 4.04044526544
18 61 6.91400262413
18 72 4.71939689206
18 75 4.02692544772
18 93 5.01330290245
19 20 2.93607578668
19 56 3.55559067267
19 92 3.11748932217
19 103 2.63735677728
20 30 4.07420708877
20 50 3.10916055198
20 55 3.30692821182
20 56 3.74929121663
20 84 2.61079698022
20 92 3.31934777241
20 98 3.43798954547
21 30 3.0538942742
21 94 4.6995511673
21 96 3.09078035365
22 29 9.2711897619
22 31 6.1383202207
22 33 4.04311934105
22 36 3.52101762538
22 39 3.85411545863
22 43 3.82524569744
22 45 4.39234886713
22 53 3.65753584988
22 73 3.69936748073
22 81 9.8585584667
22 86 4.41239932019
22 104 29.8540717013
22 106 4.67473495004
23 43 2.89892826141
23 57 2.48370753689
23 63 6.08310319362
23 76 1.8440206425
23 82 3.59069320697
23 87 3.2911835381
23 99 2.77184902493
24 28 5.34553030585
24 33 4.69157941583
24 34 5.32133247948
24 39 4.71608928958
24 41 4.50615058697
24 46 7.09255534096
24 47 7.62692419394
24 54 5.03256541126
24 61 13.2025425264
24 67 5.26432463337
24 72 4.59373364383
24 90 5.29033887557
24 100 4.78370346611
25 28 4.33001876981
25 34 6.58279491473
25 41 7.01034086929
25 44 3.97520840328
25 46 5.16528649998
25 50 4.84132374079
25 62 5.87230344263
25 72 7.62537186509
25 74 6.20125972783
25 75 9.0680802689
25 93 5.53797814977
25 100 6.2425669919
26 33 4.6039461681
26 36 5.74646216623
26 39 4.55662443437
26 59 4.50263199483
26 69 4.0546353391
26 79 2.71548705658
26 94 2.7591587945
26 96 3.49183211856
27 28 6.30178400399
27 34 5.94375293635
27 40 7.46123235862
27 47 11.6153498381
27 48 6.81376626715
27 51 5.67742105629
27 52 7.63893125384
27 54 17.7192477985
27 66 7.09952292809
27 67 6.52009082811
27 70 5.77196370675
27 74 6.16169729337
27 77 9.93219589717
27 90 12.2896129687
27 91 5.7161525179
27 102 6.24975587368
27 105 14.5849476421
28 34 5.70720850483
28 40 6.16978405208
28 46 4.33852749074
28 47 9.63187336435
28 51 5.61859822561
28 54 6.12862922307
28 62 5.45358102219
28 70 6.76154314401
28 74 7.65435645374
28 90 4.99226797233
28 100 5.2478437432
28 105 6.33165074484
29 31 5.82242247099
29 36 3.1326113357
29 43 5.26410581077
29 45 4.08503685103
29 53 4.55780749998
29 63 3.1893586607
29 73 3.97335658584
29 81 12.4562850808
29 86 4.57155097868
29 104 10.3896454365
30 41 4.39480840289
30 46 4.18839212437
30 50 9.91509373427
30 55 3.08039549149
30 94 4.43643323538
30 96 2.82447562299
30 98 4.31588114828
31 33 4.04861617657
31 36 3.81193793694
31 39 6.18333302846
31 45 5.55358472549
31 73 4.21468467673
31 81 4.57537742558
31 104 5.57278212575
31 106 4.21150639253
32 38 4.80402938807
32 44 4.60282433102
32 64 4.90632484598
32 66 5.12867721753
32 71 4.73928326793
32 78 3.52471202957
32 80 3.61166195944
32 85 4.27960492511
32 91 5.17898406273
32 97 3.95717760778
33 36 7.34084604749
33 39 6.55276479338
33 59 4.62948079326
33 61 5.52654906529
33 69 6.52397480733
33 104 3.77818771006
34 44 5.01929865923
34 46 4.70829413858
34 47 7.68050061291
34 62 5.31119051728
34 66 4.73960264458
34 70 4.9398529724
34 71 4.60375100708
34 72 11.6318394423
34 74 11.633413546
34 75 5.48293079133
34 91 4.98537690157
35 83 1.76749908668
35 84 2.55939531703
35 89 1.48590214473
35 99 2.45079636555
36 39 6.12242348017
36 59 7.16997876686
36 61 5.25631893687
36 69 3.81657150164
36 104 3.31640757277
37 59 2.66181593424
37 79 2.10644917176
37 84 2.05093796485
38 40 4.97598660737
38 44 5.40619526519
38 48 4.37148288343
38 51 4.51744732266
38 52 6.18097027215
38 64 4.2770989346
38 66 4.85391142589
38 77 5.90271052723
38 91 4.35313702685
38 102 5.22822664159
38 105 5.0008126981
38 106 3.9186168407
39 61 6.70070334274
39 67 5.91219379278
39 69 4.90408238614
39 104 3.61520046946
40 47 5.89143151753
40 48 5.55058965658
40 51 8.72672115823
40 52 7.9747758023
40 54 8.38767982985
40 67 4.77927610919
40 70 4.83430371577
40 77 5.89665283051
40 90 6.06071736957
40 102 5.86845971591
40 105 13.0166850672
41 46 7.06983069973
41 50 5.13604518491
41 55 5.77427264625
41 72 4.69840985735
41 75 4.80175814949
41 93 5.11912597362
41 98 4.54334294491
41 100 4.49634651663
42 49 3.61503510758
42 79 2.07965836515
42 83 1.67230861223
42 89 2.49192987007
43 53 4.6608525134
43 57 5.19973627606
43 63 4.24583475628
43 78 5.07254900385
43 81 5.97400985258
43 86 5.0030027027
43 87 4.35871588132
43 95 4.67995371736
43 104 4.32884208463
44 62 7.03023527181
44 70 5.16445983369
44 71 4.43473152155
44 72 3.96121158717
44 74 6.95889000639
44 75 4.21206674376
44 91 4.98395258776
44 97 4.93317639504
45 48 9.80156661157
45 52 5.63141268275
45 54 4.951769441
45 66 5.05347066472
45 67 5.87068411105
45 73 9.18630424349
45 77 7.38032503815
45 86 4.62913356422
45 90 6.40986133729
45 102 6.0801790031
45 104 4.47450807306
45 106 9.02955242295
46 50 5.16425322913
46 61 5.12611601286
46 72 5.0486381053
46 94 3.87073896829
46 100 4.01389607891
47 51 5.30804704785
47 54 10.2689756658
47 61 5.74428118366
47 66 5.24632688963
47 67 5.89696039906
47 70 6.03395812841
47 72 4.92049960566
47 74 7.52603336004
47 77 5.39124686868
47 90 8.10813772152
47 105 8.47244686598
48 52 11.7557602643
48 54 7.38293942916
48 66 5.42685393495
48 67 6.85897514814
48 73 5.40698547133
48 77 12.5768752812
48 90 8.93569775378
48 102 10.872777169
48 105 6.94143232353
48 106 7.38293942916
49 79 2.76887231358
49 83 1.58230819235
49 89 3.18448729543
50 94 4.15873221243
50 98 4.42382612483
51 52 4.74296000232
51 54 6.02442433163
51 69 4.02500044527
51 74 4.59223182994
51 102 4.71761097267
51 105 7.89460016392
52 54 7.41534577136
52 66 5.85637100245
52 67 5.26490829373
52 77 12.4960955801
52 90 7.1279621724
52 91 4.55998675052
52 102 9.91363194193
52 105 8.61556895994
52 106 5.34736421189
53 81 5.01689777608
53 86 5.00657544825
53 93 4.04318543479
53 95 3.33959165502
53 99 3.38378960045
53 104 3.9023814525
54 66 5.35448846738
54 67 8.12176462882
54 69 5.26673348438
54 77 8.38296301248
54 90 16.3386478891
54 102 6.68138191149
54 105 20.2444082545
55 84 2.69110035176
55 98 3.09044086074
55 99 2.65443489898
56 84 2.59415810026
56 92 5.09660429543
56 103 1.98576933768
57 58 2.84955800728
57 60 2.72592924281
57 63 3.35023885542
57 78 4.46695728643
57 81 3.4692955693
57 82 2.33931729267
57 87 5.17198332489
57 95 3.91348219755
58 60 6.88167523669
58 65 2.69000963092
58 68 2.30917940618
58 78 3.60358605514
58 87 2.38824059536
58 88 2.73908874555
58 95 2.63833875795
59 79 3.37940065359
60 63 2.07628466839
60 68 2.94986534172
60 76 1.98301484789
60 78 3.84880223225
60 87 2.58627705142
60 88 2.32243711767
60 95 2.91334779581
61 67 5.82153444784
61 69 4.43652055557
61 90 5.4043001831
61 93 4.08346986246
62 70 8.76923118434
62 71 5.10336943821
62 72 4.22883073116
62 74 8.48585843223
62 75 5.43880021988
62 91 4.78151557994
62 93 4.03695385948
62 97 7.473933401
62 100 7.89829296844
63 82 3.67913203914
63 87 5.85205735981
63 95 2.68518550748
63 99 2.50136831004
64 65 3.65348149946
64 80 7.01914273847
64 85 3.96195767173
64 88 2.50300541082
65 80 2.60198831448
65 85 5.64638426744
65 88 2.30193648991
66 70 6.10051032903
66 71 12.6228822947
66 74 4.97229449175
66 77 7.57554019079
66 86 6.68900062091
66 90 6.05149954314
66 91 19.2557095626
66 105 5.07418129774
67 69 4.9474041905
67 77 5.67559193126
67 90 13.0968158963
67 102 4.71451668315
67 105 6.08941580703
68 78 3.73714936644
68 95 4.13841920975
69 96 5.26841433738
70 71 7.51391362223
70 74 7.02988783376
70 91 6.08299064672
70 97 5.45252704126
70 100 7.87133207591
70 105 4.91633528611
71 74 4.98760871586
71 75 4.66871927938
71 86 5.24965123788
71 90 4.91040455715
71 91 16.6090959707
71 93 4.88899656872
71 100 5.2587895239
72 74 6.36413604683
72 75 6.00505838964
72 93 4.17690392475
73 77 4.96297779065
73 81 3.69489511228
73 85 3.9838424301
73 86 4.34947081033
73 102 4.20042023106
73 104 3.88487957978
73 106 6.45483776929
74 75 5.11156334671
74 91 5.17447538007
74 100 5.53026632385
74 105 5.09488414594
75 91 4.65025747445
75 93 7.66807133039
75 97 3.84388003345
75 100 5.51066657472
76 82 2.8243967618
76 101 1.97254774457
77 86 5.08177581363
77 90 8.95215327421
77 91 5.55127381653
77 102 10.4984345377
77 105 8.27946210413
77 106 7.2437147297
78 86 4.36927079504
78 87 3.01865558371
78 95 6.32379651028
81 86 5.81631320713
81 104 13.5743827063
81 106 4.01044073656
82 87 3.69633359538
82 101 1.71705767091
83 89 1.45908615382
84 89 2.33699724145
84 92 2.69097368217
86 91 6.82677358509
86 104 4.99158379753
86 106 4.45360299152
87 95 2.77414124145
90 102 6.26457720785
90 105 9.640373591
92 103 2.03990744905
93 100 5.78227914246
94 96 5.00362894696
94 98 3.25917957352
97 100 5.09263734548
102 105 7.25571726356
102 106 7.98621172892
104 106 4.83650833407
