23 29 30 78 90 170 173 179 211 222 243 258 259 291 292 300 342 344 407 426 474 475 501 502 528 532 585 595 694 707 735 754 799 804 838 842 878 880 964 971 
34 108 123 157 158 189 193 232 236 272 281 288 298 308 310 318 371 380 416 420 468 506 507 571 579 622 625 635 643 651 661 683 685 688 708 714 718 749 770 839 854 917 919 928 944 975 981 994 
44 54 119 135 169 219 282 320 326 372 495 559 709 745 
112 132 180 192 228 384 587 619 690 697 700 728 
2 24 65 66 98 106 184 196 238 249 283 284 324 355 396 444 471 508 537 541 549 567 580 633 691 696 733 755 778 785 786 826 835 837 848 887 894 943 948 951 965 967 980 986 
43 68 115 177 185 194 209 250 317 360 411 527 555 
31 38 75 156 197 330 369 375 392 393 435 470 500 535 576 663 675 730 823 855 862 883 923 930 936 974 976 998 
26 35 49 101 182 381 440 450 498 593 654 753 760 
7 72 73 74 86 116 134 142 152 159 186 254 312 347 398 417 418 439 490 521 526 558 575 584 589 597 631 642 647 703 731 743 752 784 793 806 812 876 882 884 888 895 949 956 963 988 996 
17 40 47 55 77 166 255 383 460 600 609 614 723 732 819 863 
33 83 92 148 163 205 224 266 311 316 399 421 478 509 519 533 640 665 669 701 711 751 771 775 893 918 968 977 
36 56 151 191 208 230 237 252 275 314 334 379 410 430 487 612 655 668 744 779 916 929 
5 59 218 229 294 332 338 386 423 429 496 
62 81 181 214 220 240 328 333 346 388 686 
19 48 85 99 107 126 200 202 270 279 296 297 378 382 454 472 538 554 556 592 615 618 620 621 722 780 816 833 850 871 913 924 931 933 937 939 940 941 953 954 970 978 979 982 997 
69 117 150 164 198 199 267 354 361 476 494 510 512 525 534 727 756 834 899 934 950 960 
22 25 67 91 93 137 138 188 210 212 373 403 477 644 706 724 726 759 764 892 914 
61 88 260 339 358 367 419 459 483 560 599 607 624 659 672 674 716 767 796 824 843 897 921 973 985 992 
50 64 149 172 207 263 406 431 497 564 602 653 746 
121 176 233 307 309 321 322 363 425 452 664 678 681 772 830 847 860 890 903 
16 104 161 335 348 424 493 504 557 601 610 657 679 682 736 758 836 859 909 
53 100 111 130 155 269 271 273 299 377 400 456 514 574 769 773 852 853 857 868 875 879 955 962 
9 70 97 286 415 523 531 544 578 627 641 666 667 689 725 789 861 906 
60 128 146 153 215 231 293 306 469 481 581 729 817 825 828 
15 125 274 364 389 395 414 428 551 565 677 705 
45 301 302 341 350 408 588 596 656 704 715 762 766 810 811 831 
87 89 120 175 206 241 248 287 295 349 449 516 572 613 623 632 634 856 886 915 
14 71 103 109 113 174 201 204 213 245 265 278 290 323 331 337 352 365 374 387 391 438 448 453 457 491 499 529 563 568 586 636 747 748 750 781 795 809 858 870 872 874 907 920 925 927 947 957 958 991 
6 46 84 95 122 154 187 242 246 276 359 442 462 480 522 540 573 604 616 637 699 776 777 881 912 959 972 
118 124 144 147 268 280 366 570 606 626 629 712 742 
1 13 183 226 239 253 329 351 368 390 409 433 434 451 543 562 566 608 638 639 645 649 671 787 791 808 840 864 866 891 905 945 
11 21 105 178 234 325 385 467 520 530 552 577 583 598 650 721 738 798 814 821 845 
32 94 127 136 145 195 262 277 445 461 464 466 482 505 515 517 630 660 676 739 740 741 782 788 867 896 926 984 995 999 
10 12 20 28 37 129 131 221 244 345 362 376 404 436 437 443 458 484 561 569 611 628 684 692 698 802 807 818 822 827 832 935 938 966 969 987 990 1000 
42 227 289 327 343 394 446 465 488 695 763 765 774 797 815 
3 4 18 39 76 80 82 139 141 160 162 165 225 235 257 261 304 336 340 356 397 412 473 489 492 524 591 605 617 658 670 680 693 702 710 801 829 841 846 851 873 885 898 902 952 983 
96 114 264 405 422 463 518 547 548 648 719 737 
8 27 133 140 167 303 353 401 432 542 550 553 717 720 
58 110 216 217 251 285 315 402 413 485 539 582 687 790 
57 63 79 102 168 171 256 313 319 370 427 441 455 479 486 503 511 513 536 545 594 603 646 713 734 757 761 783 792 794 800 813 820 844 849 865 877 901 904 908 910 911 922 932 961 
41 51 52 143 190 203 223 247 305 357 447 546 590 652 662 673 768 803 805 869 889 900 942 946 989 993 
