1 2 0.0319846346899
1 9 0.0276878188679
1 10 0.0283487073838
1 18 0.0150896254769
1 23 0.0251487921008
1 24 0.0168190957664
1 30 0.0231689037343
1 33 0.012739459558
1 35 0.028803250687
1 38 0.0201892980107
1 39 0.0186533810711
1 42 0.02090522155
1 43 0.0251772382374
1 46 0.0447612596157
1 47 0.0398491108966
1 48 0.0118869441684
1 49 0.0403873433326
1 55 0.0962204121418
1 56 0.0177561811569
1 74 0.0121636732726
2 9 0.147353890471
2 10 0.127666348073
2 18 0.0122083397685
2 23 0.0624562106141
2 24 0.0277956952617
2 30 0.0613669261755
2 33 0.016544310473
2 35 0.0213846937009
2 38 0.0180291810995
2 39 0.0329037155947
2 42 0.0508115781405
2 43 0.0221216282042
2 46 0.0303261638707
2 47 0.0622143121369
2 48 0.0153323300212
2 49 0.0760990713901
2 55 0.0469471254304
2 56 0.0138041614488
2 74 0.0128018511644
3 7 0.00950466781953
3 12 0.0105006231382
3 14 0.0269144810301
3 17 0.0103193104732
3 18 0.0176049296175
3 27 0.0759438719737
3 28 0.0099707200512
3 31 0.00999164144152
3 34 0.0169871131607
3 35 0.0110524558166
3 38 0.0124853433964
3 43 0.0111004975998
3 50 0.0132597351969
3 51 0.027240108425
3 52 0.0124490725029
3 53 0.0813207035101
3 56 0.0149823288012
3 58 0.0117598363651
3 59 0.00997195278972
4 6 0.0332314578371
4 11 0.0320930261117
4 13 0.0061798439197
4 15 0.0146893646749
4 16 0.0058819075511
4 19 0.00499830079783
4 32 0.0279254556452
4 54 0.00952011306991
5 21 0.0217253090746
5 22 0.0259148691232
5 40 0.0355750914164
5 69 0.0564057781695
5 70 0.0266731268505
5 79 0.0409854481076
5 82 0.0260660053112
5 101 0.0303853496685
5 137 0.0303911879575
5 142 0.0186423159993
5 156 0.0364258627423
5 167 0.0242451081397
5 169 0.0481312437794
5 174 0.0414091384248
5 175 0.0445999320541
6 7 0.00621843610095
6 8 0.00643927913631
6 11 0.0165329581163
6 13 0.00757400731032
6 15 0.0102484932572
6 16 0.00714187070365
6 19 0.00434692800497
6 28 0.00602326788253
6 31 0.00604110564629
6 32 0.0152910554294
6 54 0.0133172413863
6 59 0.00605852093076
7 8 0.0389309170731
7 12 0.0966680929075
7 13 0.0324086679079
7 16 0.0386706507808
7 17 0.0375958765997
7 27 0.0105186190928
7 28 0.160273081539
7 31 0.0932600911634
7 34 0.0151677421035
7 50 0.0306159535294
7 52 0.0396312302836
7 53 0.00988576373577
7 54 0.0114748290366
7 58 0.047453512678
7 59 0.0747170707884
8 12 0.0332771774116
8 13 0.0245957847234
8 16 0.0565833738093
8 17 0.0652292267354
8 27 0.00962814778919
8 28 0.0346611580569
8 31 0.0435305165109
8 34 0.0163828594824
8 50 0.0266195626128
8 52 0.0247598747645
8 53 0.00947203550405
8 54 0.0124622603737
8 58 0.0317890405201
8 59 0.0601193797452
9 10 0.305803247957
9 23 0.0885570087245
9 24 0.0328717723976
9 30 0.0967168647852
9 33 0.0179961143853
9 35 0.0192535758678
9 38 0.0166158601172
9 39 0.0397055084197
9 42 0.0744819088693
9 43 0.0199229669534
9 46 0.0262418585004
9 47 0.0480159264127
9 48 0.0166154490997
9 49 0.0591366882826
9 55 0.0385268958466
9 56 0.012876301245
9 57 0.0128316219176
9 74 0.0133300939809
10 23 0.090610976957
10 24 0.0328756376233
10 30 0.0947917121906
10 33 0.0180327309189
10 35 0.0193748151886
10 38 0.0166304162971
10 39 0.0395310990399
10 42 0.072959200599
10 43 0.0199447041705
10 46 0.0265895463918
10 47 0.0484004824162
10 48 0.0166421790737
10 49 0.0619644698327
10 55 0.039918820599
10 56 0.0129410074021
10 57 0.012881832651
10 74 0.0134923162323
11 15 0.0265575539541
11 19 0.00588019498004
11 32 0.184502787118
11 54 0.00738670345579
12 13 0.02471176788
12 16 0.0289202723947
12 17 0.0395862252694
12 27 0.0117596914634
12 28 0.188726281546
12 31 0.101924778976
12 34 0.0171434815688
12 50 0.041284739646
12 52 0.0662389807115
12 53 0.010928428736
12 54 0.0102988737424
12 58 0.0810149350378
12 59 0.0705821239771
13 16 0.039725733246
13 17 0.0196948287738
13 28 0.0282322735002
13 31 0.0266108061767
13 34 0.0104904522049
13 50 0.0158616159114
13 52 0.0181011305446
13 54 0.0164332572615
13 58 0.0193508106566
13 59 0.0250814234096
14 18 0.0308070171479
14 27 0.0220530581285
14 34 0.0105550902352
14 35 0.0170241614992
14 38 0.0216890839308
14 43 0.017843071099
14 46 0.0136513144846
14 50 0.00896628779142
14 51 0.339027854961
14 52 0.00868082584131
14 53 0.0222928244838
14 56 0.0249133695669
15 19 0.00750625895432
15 32 0.0302488849275
15 54 0.00579446016689
16 17 0.0320433038194
16 28 0.0322495636314
16 31 0.0358568600729
16 34 0.0128734126578
16 50 0.0199214887331
16 52 0.0206149681816
16 54 0.0153661570775
16 58 0.0242378678625
16 59 0.0394339027292
17 27 0.0111994716268
17 28 0.0373221039158
17 31 0.0504278355614
17 34 0.0214615758024
17 50 0.0423029936197
17 52 0.0331439412516
17 53 0.011029720668
17 54 0.0105065233203
17 58 0.0479196292791
17 59 0.0742022115184
18 27 0.0145425537467
18 35 0.0281923057072
18 38 0.0328722057466
18 43 0.0262731919312
18 46 0.0198937097653
18 47 0.0150439156458
18 49 0.0140765896862
18 51 0.0317861818523
18 53 0.0165435651466
18 55 0.0142515267597
18 56 0.0986824539994
19 32 0.00605891782174
20 21 0.0151990328485
20 25 0.0483550627215
20 26 0.0506645100527
20 29 0.0141410718309
20 36 0.0130069133878
20 37 0.0281240348596
20 41 0.0199767454211
20 45 0.0243481410739
20 71 0.0345349038902
20 75 0.0226371131194
20 142 0.0141595127876
20 145 0.0821252814898
20 146 0.0462641300304
20 158 0.0239573852456
20 176 0.0751821048528
20 177 0.104172940291
21 22 0.0380366986909
21 25 0.0139390802163
21 26 0.0196415178262
21 40 0.0489185099099
21 41 0.057095271169
21 69 0.0291859062924
21 70 0.0149288866084
21 79 0.0313824458599
21 142 0.0267271799357
21 146 0.0178958052635
21 169 0.0263958920309
21 174 0.0195541497097
21 175 0.0254330301739
21 176 0.0179058589926
21 177 0.0164841337792
22 25 0.0132821184685
22 26 0.0155615046033
22 40 0.035179507157
22 41 0.0340052817841
22 69 0.0454987966922
22 79 0.0251334579809
22 142 0.0595837844914
22 146 0.0166326994925
22 156 0.0216194265006
22 169 0.046151690456
22 174 0.0320267213305
22 175 0.0479519855093
22 176 0.014756963667
22 177 0.0137903957461
23 24 0.0477406107674
23 30 0.192870936082
23 33 0.0221630476274
23 35 0.0164654227861
23 38 0.0142650746989
23 39 0.0648541707301
23 42 0.0872744897447
23 43 0.016651806472
23 46 0.0216260634298
23 47 0.0332029834205
23 48 0.0199721729836
23 49 0.0394716724092
23 55 0.0329873744154
23 56 0.0115678968218
23 57 0.014870782217
23 74 0.0155695687956
24 30 0.0495919683511
24 33 0.0375790001132
24 35 0.0122834617394
24 36 0.0105061258269
24 39 0.157023993309
24 42 0.0481047004869
24 43 0.0124520704446
24 46 0.0149201639517
24 47 0.0197590493062
24 48 0.0324916899828
24 49 0.021827473222
24 55 0.0197601699077
24 57 0.0197428348678
24 74 0.0182987352806
25 26 0.0310814080705
25 29 0.014109693956
25 36 0.0133107279588
25 37 0.0263182273033
25 41 0.018368296706
25 45 0.0240176319553
25 71 0.0382160734852
25 75 0.0241716513315
25 142 0.0152716212839
25 145 0.0503322322529
25 146 0.0601970925003
25 158 0.0277039827419
25 176 0.0368360782106
25 177 0.0393781516127
26 37 0.0189382894011
26 40 0.0140528762773
26 41 0.0271158396825
26 45 0.0171958508967
26 71 0.0219713640477
26 75 0.0164729666747
26 142 0.0162999130871
26 145 0.0343969774354
26 146 0.0441754161967
26 158 0.0175196847119
26 176 0.0897604228766
26 177 0.0739828340973
27 28 0.0111085290896
27 31 0.0110382511641
27 34 0.0178646531729
27 50 0.0149574964402
27 51 0.0220953284183
27 52 0.0142797911494
27 53 0.0526618426743
27 56 0.0127240308385
27 58 0.01323568813
27 59 0.0109560322416
28 31 0.108187606606
28 34 0.0159037441123
28 50 0.0343240290704
28 52 0.0496783248413
28 53 0.01034836021
28 54 0.010816052834
28 58 0.0582081051635
28 59 0.0692871763737
29 33 0.0133153580156
29 36 0.114695794329
29 37 0.0282795794888
29 45 0.0331961350574
29 48 0.014211771806
29 57 0.0177897379077
29 71 0.0220489030848
29 74 0.0128684485549
29 75 0.0335793204618
29 96 0.0168577725757
29 145 0.0165375107271
29 146 0.0117297872621
29 158 0.0266740577087
29 176 0.012291277444
29 177 0.0130977240067
30 33 0.0218629357887
30 35 0.016208148153
30 38 0.0142700328552
30 39 0.0655744472109
30 42 0.141648459124
30 43 0.0166005645569
30 46 0.0210113079923
30 47 0.0325998495598
30 48 0.0198872754249
30 49 0.0381947593508
30 55 0.0299989539547
30 56 0.0114341587116
30 57 0.0145666722158
30 74 0.0148268510492
31 34 0.0169722128265
31 50 0.0375061400819
31 52 0.0457406722135
31 53 0.0104252493676
31 54 0.0109589810387
31 58 0.062071655987
31 59 0.108803300373
32 54 0.00712726664422
33 36 0.0142434581986
33 39 0.0326185621013
33 42 0.02118422
33 46 0.0110701305152
33 47 0.0133197141692
33 48 0.154274885199
33 49 0.0142715610026
33 55 0.0140011955991
33 57 0.0406697291484
33 74 0.0265756263944
33 75 0.00960257214008
33 96 0.0127191727687
34 50 0.0286398437853
34 51 0.0106103970061
34 52 0.0206250426955
34 53 0.0199944191368
34 58 0.0216498010859
34 59 0.0179964495176
35 38 0.0638347086781
35 39 0.0131508743489
35 42 0.0158023274736
35 43 0.0994560211099
35 46 0.0654761621737
35 47 0.0319510196689
35 49 0.0279559510532
35 51 0.0171379507672
35 55 0.0277449805878
35 56 0.0386678174793
36 37 0.0240678327143
36 39 0.00998384204646
36 45 0.0278780274544
36 48 0.0153429592384
36 57 0.0187509207587
36 71 0.0199045959882
36 74 0.0130855278199
36 75 0.0292978097666
36 96 0.0155306235083
36 145 0.0150791168938
36 158 0.0244716701529
36 177 0.0121011489799
37 45 0.161913014906
37 57 0.0110632680631
37 71 0.073970171571
37 75 0.0809300707262
37 96 0.0129377664495
37 145 0.0388229796205
37 146 0.0195888956573
37 158 0.0560215386407
37 176 0.0213655563347
37 177 0.0239045052542
38 39 0.0117591202028
38 42 0.0141846109221
38 43 0.0900573870913
38 46 0.0352708036623
38 47 0.0247791359363
38 49 0.0220488051981
38 51 0.0217987422895
38 53 0.0116067550644
38 55 0.0202798258156
38 56 0.0422115540112
39 42 0.0571658868009
39 43 0.0133146137188
39 46 0.016240269747
39 47 0.02208057255
39 48 0.0283653474918
39 49 0.0246571855967
39 55 0.0223247908244
39 57 0.0185348215214
39 74 0.0179070153365
40 41 0.0270970552329
40 69 0.046576269945
40 70 0.0207236906732
40 79 0.0731342824151
40 142 0.0224587358786
40 146 0.0133013332298
40 156 0.0198029900773
40 169 0.0357581139833
40 174 0.0252850683755
40 175 0.0335452898304
40 176 0.0131597558256
41 69 0.0218518414028
41 71 0.0130606573085
41 79 0.0204016070842
41 142 0.0310219140338
41 145 0.0165432289677
41 146 0.0258582358661
41 169 0.0210494220492
41 174 0.0167616380441
41 175 0.0207836643383
41 176 0.0245416678574
41 177 0.0219660265666
42 43 0.0163456438469
42 46 0.0201290821982
42 47 0.0307896702346
42 48 0.0194678840679
42 49 0.0352979933108
42 55 0.0265167692563
42 56 0.0112412194105
42 57 0.0141055192379
42 74 0.0140945325166
43 46 0.0537401066643
43 47 0.033223522797
43 49 0.028329964668
43 51 0.0179051127128
43 55 0.0256721236116
43 56 0.0336600354811
44 61 0.209002048565
44 66 0.160592277322
44 82 0.0262409938426
44 89 0.0507610812482
44 99 0.0396058613366
44 101 0.0325630595174
44 105 0.0496407040009
44 110 0.0996087580898
44 135 0.0283944991195
44 136 0.0554874368748
44 137 0.0234394922412
44 149 0.0307117282781
44 154 0.10218471465
44 159 0.0420106699226
44 162 0.175495862102
44 164 0.151439381248
44 167 0.0523176511434
44 168 0.0580610747378
44 173 0.0412270228016
45 57 0.0116644392145
45 71 0.0611600346426
45 74 0.00945061433921
45 75 0.130022852224
45 96 0.0131964410717
45 145 0.0323996137849
45 146 0.0180128685444
45 158 0.064026273168
45 176 0.01916673779
45 177 0.0211639813494
46 47 0.0562420711958
46 49 0.0460891991652
46 51 0.0137136335295
46 55 0.0465350195839
46 56 0.0247240118169
47 48 0.0124937058314
47 49 0.160301290493
47 51 0.0116645203931
47 55 0.059022447575
47 56 0.0175473238187
48 49 0.0133181189992
48 55 0.0130023263282
48 57 0.044087459772
48 74 0.0246247731239
48 75 0.0100807527239
48 96 0.0128545689808
49 55 0.0656539663609
49 56 0.01628128785
49 74 0.0119038601237
50 51 0.0089854908868
50 52 0.0655563381006
50 53 0.0142492051577
50 54 0.00867702339428
50 58 0.0828243484398
50 59 0.0398250615586
51 52 0.00868538269859
51 53 0.0225467514308
51 56 0.0254535076794
52 53 0.0129867459828
52 54 0.00892909758745
52 58 0.104946586204
52 59 0.0408397621129
53 56 0.0141845652585
53 58 0.0124114976037
53 59 0.0105164629543
54 58 0.00945137899353
54 59 0.0110764108337
55 56 0.0166161665653
55 74 0.0126402728201
57 74 0.0340073660587
57 75 0.0116376772228
57 96 0.0180988935454
57 158 0.0107379201855
58 59 0.0616973003489
60 67 0.0462063993186
60 68 0.0583185858606
60 78 0.031045693367
60 84 0.0713519274728
60 85 0.0990810733874
60 87 0.0357513787718
60 93 0.035438978505
60 107 0.0640951505007
60 117 0.0367954595344
60 132 0.0464680503017
60 138 0.0551399053872
60 143 0.061821406793
60 144 0.0311663057543
60 150 0.024171462089
60 161 0.0813793848152
60 166 0.0747553708449
60 171 0.0628343162444
61 66 0.19960716046
61 82 0.0267629380367
61 89 0.055511369643
61 99 0.0411759057413
61 101 0.0329048769776
61 105 0.0537227170341
61 110 0.113945113529
61 135 0.0293067426892
61 136 0.0579501313777
61 137 0.0236762157262
61 149 0.0309389117772
61 154 0.0993924322766
61 159 0.0409740654515
61 162 0.123091677482
61 164 0.121745707182
61 167 0.047755094363
61 168 0.0618194930593
61 173 0.0421025798745
62 64 0.0303714921282
62 72 0.0230753617197
62 73 0.0374871871362
62 76 0.0447410947253
62 80 0.0657737040061
62 86 0.249767512206
62 91 0.0279789038913
62 92 0.0658301457091
62 98 0.0372129715565
62 103 0.0744643750425
62 104 0.0263121390087
62 114 0.0482981619012
62 122 0.0365917068251
62 128 0.0461722050311
62 147 0.0245917742494
62 152 0.0301573735671
62 153 0.0322619556568
62 157 0.0308673395282
62 172 0.040062951764
63 83 0.0579251402763
63 90 0.0395175709629
63 97 0.0246514984816
63 99 0.0325131515677
63 113 0.0401268246284
63 121 0.151266716936
63 131 0.0356415810333
63 134 0.0306249110647
63 135 0.0452501241737
63 140 0.0243103276116
63 141 0.0329782391491
63 148 0.0874870884053
63 149 0.0474347382734
63 155 0.0699704234557
63 159 0.0307697667869
63 160 0.0684737028804
63 165 0.0581604759532
63 170 0.0494634856555
63 173 0.0324012549407
64 72 0.0841454876426
64 76 0.0742200922615
64 77 0.0353866590546
64 86 0.0308347239444
64 92 0.0329882592817
64 98 0.111235324579
64 100 0.0693008181427
64 103 0.0468194297617
64 104 0.165928772077
64 114 0.0695282366269
64 115 0.0282685300589
64 116 0.0725458686586
64 124 0.0247366705365
64 125 0.0246598206868
64 126 0.0237181342997
64 147 0.094922213455
64 153 0.0328867630819
65 77 0.0242046466431
65 94 0.0149280087974
65 95 0.0844908663403
65 106 0.0235170852071
65 109 0.0223840721614
65 112 0.0293168390088
65 115 0.0275847836765
65 118 0.0875688301542
65 119 0.0337153956819
65 123 0.0763011831846
65 124 0.0319629056873
65 125 0.0297487179164
65 126 0.0333787351842
65 127 0.0538737195375
65 129 0.0467249624154
66 82 0.0263297457497
66 89 0.0676229290259
66 99 0.0483878168064
66 101 0.0311616674472
66 105 0.0679280740996
66 110 0.184573485729
66 135 0.0322711653731
66 136 0.0559146049693
66 137 0.0230936418881
66 149 0.034167569228
66 154 0.135816422035
66 155 0.0259197583972
66 159 0.0471854885278
66 162 0.0986054726047
66 164 0.107984371646
66 167 0.0434001044008
66 168 0.0716976867492
66 173 0.049191652771
67 68 0.1054426508
67 73 0.0305703220517
67 78 0.0290037046927
67 84 0.0587917111595
67 85 0.0408882926325
67 87 0.0610056708932
67 91 0.0437767199909
67 93 0.100682269392
67 107 0.103927365687
67 108 0.0578345300728
67 117 0.0781025506498
67 138 0.0399529822303
67 143 0.0358631499969
67 157 0.0389297458899
67 161 0.0454292754087
67 166 0.0443830301367
67 171 0.0485632565783
67 172 0.029528649652
68 73 0.0254211197408
68 78 0.0280870987045
68 84 0.10349843122
68 85 0.0524105343539
68 87 0.0508567663923
68 91 0.0329961777858
68 93 0.0650237530451
68 107 0.376688583255
68 108 0.0433120941512
68 117 0.0578547558723
68 132 0.0303423587581
68 138 0.0498054106241
68 143 0.0453074554185
68 157 0.0307684806829
68 161 0.0669278678468
68 166 0.0658625205608
68 171 0.0546564221614
68 172 0.0242556743405
69 70 0.0191982138297
69 79 0.0381123300793
69 82 0.0230513168516
69 101 0.0237315924522
69 137 0.0269617596997
69 142 0.0271071252472
69 156 0.0319080608019
69 169 0.0925317260375
69 174 0.0511718460097
69 175 0.0884004344715
70 79 0.0282339242292
70 167 0.021123708563
70 169 0.0175657401632
70 174 0.016473953981
70 175 0.0169109094082
71 75 0.0609662424921
71 96 0.011194509128
71 145 0.0540949322343
71 146 0.0249424808677
71 158 0.0702456465096
71 176 0.0252063836215
71 177 0.0285068060757
72 76 0.043162505932
72 77 0.0493371552997
72 86 0.0234270974554
72 92 0.0248612381199
72 98 0.0494057216855
72 100 0.114198788487
72 103 0.0324616883567
72 104 0.124576381949
72 114 0.0406666452236
72 115 0.0395256237745
72 116 0.172238009569
72 119 0.0252109792787
72 123 0.0208654704397
72 124 0.0327421906752
72 125 0.0325139042928
72 126 0.0309197980659
72 147 0.0926060509828
72 153 0.0295284963386
73 80 0.0589923892958
73 86 0.0387232230041
73 87 0.0428899324902
73 91 0.0860765945095
73 92 0.0450714688563
73 93 0.0411212577591
73 103 0.0278434937875
73 107 0.0256470629384
73 108 0.0609885022414
73 114 0.0261667983263
73 117 0.042758729961
73 122 0.0299211025851
73 128 0.107728039806
73 152 0.0365924564651
73 157 0.0894299136532
73 172 0.121317520352
74 96 0.0183847955175
75 96 0.0125683392835
75 145 0.0297659126305
75 146 0.017806773119
75 158 0.0921669164149
75 176 0.0181612209286
75 177 0.0198945994885
76 77 0.0265272343476
76 80 0.0277258021084
76 86 0.0448584771842
76 92 0.0394601221241
76 98 0.0822198289089
76 100 0.0415145451918
76 103 0.0873633701971
76 104 0.0571311709328
76 114 0.0829586475686
76 115 0.0220088922223
76 116 0.0400934464419
76 122 0.0221748689355
76 128 0.0247839611113
76 147 0.0450179696954
76 153 0.0458552077432
77 95 0.020568253645
77 98 0.0277188171567
77 100 0.067571562626
77 104 0.0426244835875
77 114 0.023577198062
77 115 0.0994394487412
77 116 0.0609444272203
77 119 0.0473782081571
77 123 0.02993250854
77 124 0.0699844728678
77 125 0.0694801721215
77 126 0.0659823564598
77 127 0.0247373570026
77 147 0.0406440903568
77 153 0.0218745479129
78 84 0.0319093457156
78 85 0.0369698626141
78 87 0.0432521946251
78 91 0.0270853589742
78 93 0.0307170568093
78 107 0.0297681361137
78 108 0.0324180277257
78 117 0.0374618577839
78 132 0.0319735595392
78 138 0.0428618290484
78 143 0.0388563849665
78 151 0.0711951362192
78 152 0.0454095241518
78 157 0.0319636877835
78 161 0.0314234069351
78 166 0.0313214371444
78 171 0.0522134483605
79 142 0.0178137737245
79 169 0.0302836968995
79 174 0.0231816098926
79 175 0.0282600548433
80 86 0.0694361404643
80 91 0.0373378062257
80 92 0.049624730006
80 98 0.0255089457971
80 103 0.0394945046563
80 108 0.0329203268681
80 114 0.0312030190616
80 122 0.0511491621054
80 128 0.0892273344352
80 152 0.0453051211587
80 153 0.0242129359461
80 157 0.0449528105508
80 172 0.0532414654547
81 94 0.0807646159082
81 95 0.0146862236251
81 106 0.0267442524317
81 109 0.0289521788222
81 112 0.0212226799393
81 118 0.0141612669651
81 129 0.0155571836943
82 89 0.029216331525
82 101 0.0844869461025
82 105 0.0237720248512
82 110 0.0285631103396
82 136 0.0475090476977
82 137 0.121052690093
82 154 0.0241289783483
82 156 0.0682084761351
82 162 0.0249043169749
82 164 0.0227470198607
82 167 0.0307229738871
82 168 0.0334226951055
82 169 0.0241188686871
82 174 0.0354245487446
82 175 0.0250600146345
83 90 0.105529921575
83 99 0.030960811778
83 105 0.0233916547938
83 113 0.0291641225877
83 121 0.0518967984237
83 130 0.0199261625201
83 131 0.0224776033055
83 134 0.0242017975439
83 135 0.0445030600616
83 141 0.0283453578233
83 148 0.0844335044056
83 149 0.039240288188
83 155 0.0359490698442
83 160 0.055941125602
83 165 0.0478979830913
83 170 0.0287226948954
83 173 0.0294899055124
84 85 0.0838637011492
84 87 0.0478456467548
84 91 0.0280831732196
84 93 0.0478380089686
84 107 0.118636900722
84 108 0.0368329471905
84 117 0.0487188471742
84 132 0.0410035601513
84 138 0.0871185250831
84 143 0.075946018285
84 144 0.0279175364923
84 151 0.0243435955248
84 157 0.0280689681793
84 161 0.146905929034
84 166 0.15867040373
84 171 0.0784651913659
85 87 0.0387151428847
85 93 0.0346585328414
85 107 0.0578183646973
85 108 0.0295163667544
85 117 0.0377985451784
85 132 0.0671298948239
85 133 0.0244729503824
85 138 0.0953244234666
85 143 0.132887813351
85 144 0.0327129063836
85 150 0.0274193476879
85 151 0.0275136680066
85 161 0.111189726704
85 166 0.104323394003
85 171 0.0898474409828
86 91 0.0285501765049
86 92 0.0729087267248
86 98 0.0382029054384
86 103 0.0798681029093
86 104 0.0267380415093
86 114 0.0507175366845
86 122 0.0362399868197
86 128 0.0488746527742
86 147 0.0248330590453
86 152 0.0293716791371
86 153 0.0316893784405
86 157 0.0307363557212
86 172 0.0397643269661
87 91 0.055496237115
87 93 0.0973696910139
87 107 0.0541150340361
87 108 0.107491467196
87 117 0.213966530892
87 138 0.0463827131055
87 143 0.0382015757346
87 152 0.0357465930747
87 157 0.0586456805851
87 161 0.0387362099671
87 166 0.0389548831436
87 171 0.0587417645276
87 172 0.0374833819536
88 102 0.130862815271
88 111 0.049005196669
88 120 0.129264902119
88 130 0.0492716305248
88 132 0.0274044154627
88 133 0.0896342390284
88 139 0.0508353263573
88 140 0.0321364851792
88 141 0.025458862297
88 144 0.0679988799861
88 150 0.034358662381
88 163 0.0488177033454
88 178 0.0877735487442
89 99 0.0478216780282
89 101 0.0303265947843
89 105 0.121127439465
89 110 0.0967281303211
89 135 0.0328060225313
89 136 0.0529218027628
89 137 0.0247061401906
89 149 0.0315885027169
89 154 0.0580173786801
89 159 0.0372008749984
89 162 0.0426728975922
89 164 0.0433955844927
89 167 0.0312172710322
89 168 0.0968064190298
89 173 0.0443671267814
90 113 0.0264112546912
90 121 0.0379309586886
90 130 0.0216287487498
90 135 0.0332361415543
90 139 0.0204446265565
90 141 0.027503836262
90 148 0.0567721153182
90 155 0.0270553234317
90 160 0.0450315971482
90 165 0.0417715353531
90 170 0.0232384054948
91 92 0.0326330785559
91 93 0.0656757680385
91 107 0.0332696036039
91 108 0.10517125332
91 117 0.0623596053361
91 128 0.0488745944001
91 138 0.0256967445901
91 152 0.0309151566542
91 157 0.0919829312441
91 171 0.0296347423686
91 172 0.0733754939846
92 98 0.0436579501153
92 103 0.0583871653688
92 104 0.0284513559314
92 114 0.0615437756541
92 122 0.0268999250161
92 128 0.0544989961623
92 147 0.0278785658792
92 152 0.0247555991676
92 153 0.0253709473158
92 157 0.0323377096601
92 172 0.0471336764507
93 107 0.0659464488789
93 108 0.120746619449
93 117 0.157852655697
93 128 0.030881000795
93 138 0.0379147089754
93 143 0.0328056023861
93 157 0.0533060854881
93 161 0.0373317721347
93 166 0.0373869396385
93 171 0.0449779530504
93 172 0.0374681948736
94 95 0.0178793210412
94 106 0.0393220069899
94 109 0.0445435491567
94 112 0.0284535130105
94 118 0.0170318741039
94 127 0.0160819225292
94 129 0.0190756164724
95 106 0.0318840399161
95 109 0.0297689327852
95 112 0.0441974455921
95 115 0.023456641853
95 118 0.0899353309682
95 119 0.0306466571452
95 123 0.0448387801581
95 124 0.026733523718
95 125 0.02582553936
95 126 0.0280823050503
95 127 0.069350112049
95 129 0.0804892648545
96 145 0.0103862533607
96 158 0.0114908936938
97 113 0.0278315137659
97 121 0.0262300317593
97 131 0.0731030481347
97 134 0.0265393510327
97 155 0.0286657407311
97 165 0.021864666028
97 170 0.0420145222581
98 100 0.0446325399069
98 103 0.0580958282438
98 104 0.0736554179057
98 114 0.117770436023
98 115 0.0229811950703
98 116 0.0459135661309
98 125 0.0206306729131
98 128 0.0246096922743
98 147 0.0644814083313
98 153 0.030380912519
99 105 0.0776473811925
99 110 0.0474297920773
99 121 0.0277638671949
99 135 0.0892202669447
99 136 0.0278899342477
99 148 0.0279936383287
99 149 0.07915071645
99 154 0.0512698234884
99 155 0.0391255471311
99 159 0.066356460125
99 162 0.0356412210922
99 164 0.0418216613523
99 168 0.0383327897889
99 173 0.13103076752
100 103 0.0296481364937
100 104 0.103138887871
100 114 0.0352734300494
100 115 0.0454084239738
100 116 0.187950003529
100 119 0.0284552869509
100 123 0.0226230454173
100 124 0.0377635291533
100 125 0.0371664347704
100 126 0.0352210091409
100 147 0.0745770839333
100 153 0.0284587666806
101 105 0.0250155316494
101 110 0.0329757628839
101 136 0.0625854409984
101 137 0.0722764314713
101 154 0.0278725009243
101 156 0.0578266003836
101 162 0.0312780849957
101 164 0.0275355268743
101 167 0.0440636393051
101 168 0.0361355494879
101 169 0.0239106941081
101 174 0.0323909869385
101 175 0.0243868718998
102 111 0.0513793690221
102 120 0.287418034675
102 130 0.0493701001055
102 132 0.0277753036142
102 133 0.0820295967453
102 139 0.0539505163938
102 140 0.0317080655131
102 141 0.0256222319471
102 144 0.0742023953689
102 150 0.0345931370984
102 163 0.0490510291414
102 178 0.078428767346
103 104 0.0384025596989
103 114 0.0908551944739
103 116 0.0296780136993
103 122 0.0283125968812
103 128 0.0337450659542
103 147 0.0337517618431
103 153 0.0431192531802
103 172 0.028531934102
104 114 0.0519885080667
104 115 0.0330516988371
104 116 0.118488818443
104 119 0.0229156397179
104 124 0.0282912815639
104 125 0.0282104362171
104 126 0.026969689229
104 147 0.123452368421
104 153 0.0306361377383
105 110 0.0818622301363
105 135 0.0444594775827
105 136 0.03958222466
105 149 0.0417880902047
105 154 0.0634249187969
105 155 0.0269500174827
105 159 0.0474899449202
105 162 0.0420149264625
105 164 0.0461925597152
105 167 0.0279329042278
105 168 0.064381237232
105 173 0.0652334596432
106 109 0.200700462751
106 112 0.096701578908
106 118 0.0285596737305
106 119 0.0171785793402
106 123 0.0193567841139
106 127 0.0268114427667
106 129 0.0367193409701
107 108 0.0441406813502
107 117 0.0612048862139
107 132 0.0318202211061
107 138 0.0543259274728
107 143 0.0488580596013
107 157 0.031234216068
107 161 0.071557655929
107 166 0.0705989554235
107 171 0.061153650154
107 172 0.0243601327019
108 117 0.129157578867
108 128 0.0413033607734
108 138 0.0333556353251
108 152 0.0332077814452
108 157 0.084746949567
108 161 0.0305945332924
108 166 0.030697095612
108 171 0.0392279618266
108 172 0.0510154293821
109 112 0.0721993996772
109 118 0.0271336343931
109 123 0.0183298303309
109 127 0.0246515951072
109 129 0.0324933554632
110 135 0.0315145821024
110 136 0.0618664426008
110 137 0.0245884963709
110 149 0.0323442720448
110 154 0.0910026988525
110 159 0.04224927127
110 162 0.0709229668503
110 164 0.0714202091946
110 167 0.0406402269038
110 168 0.085679391582
110 173 0.0457986610883
111 113 0.0220664650797
111 120 0.049230539916
111 130 0.0306106344079
111 132 0.0307540358421
111 133 0.0866105089118
111 134 0.0260891807562
111 139 0.0374672924505
111 140 0.0340929882367
111 141 0.0250840185319
111 144 0.0506576837889
111 150 0.0642921323386
111 163 0.102639601818
111 178 0.0691808476765
112 118 0.0352785199327
112 119 0.0208351329733
112 123 0.0233691613274
112 126 0.0188334921881
112 127 0.0367850047893
112 129 0.0574895721936
113 120 0.0217435016674
113 121 0.0514827615788
113 130 0.0280943636409
113 131 0.0333343685667
113 134 0.122876551914
113 139 0.0321861130212
113 140 0.0564094036371
113 141 0.098151639359
113 148 0.0395882477444
113 155 0.0300103519056
113 160 0.0475331774373
113 163 0.0268301499114
113 165 0.0599919964017
113 170 0.0387658083492
114 116 0.0367231265226
114 122 0.0223546252858
114 128 0.0301683009913
114 147 0.0465835414885
114 153 0.0331942037181
114 172 0.0271341908978
115 116 0.0451804159827
115 118 0.0214288453588
115 119 0.0651501744342
115 123 0.0364980130274
115 124 0.139002894418
115 125 0.150311542909
115 126 0.137082284855
115 127 0.0301957142795
115 129 0.023119663164
115 147 0.0323949297845
116 119 0.0278015909433
116 123 0.0218758909373
116 124 0.0364106792597
116 125 0.0364914439187
116 126 0.034399146783
116 147 0.08710305717
116 153 0.0273431058992
117 128 0.0326197178456
117 138 0.0427090341477
117 143 0.0360531616244
117 157 0.0576919951237
117 161 0.0385872430846
117 166 0.0386259630608
117 171 0.0535841896552
117 172 0.0378744248736
118 119 0.0252956408529
118 123 0.0466075480999
118 124 0.0240476602884
118 125 0.022849645971
118 126 0.0248294954624
118 127 0.0430570156691
118 129 0.0491862078294
119 123 0.0392353163857
119 124 0.0839422283421
119 125 0.0969087339436
119 126 0.103642414423
119 127 0.0458056272801
119 129 0.0309374251998
119 147 0.0231060339627
120 130 0.0561487446791
120 133 0.0728062592193
120 134 0.0243813472766
120 139 0.0594323119957
120 140 0.0330645276014
120 141 0.0267535979998
120 144 0.0646534937559
120 150 0.032448832505
120 163 0.0483059771657
120 178 0.0709241084692
121 131 0.0373107680245
121 134 0.0366967609316
121 135 0.0360554393819
121 139 0.0217633515275
121 140 0.0279635957216
121 141 0.039536783617
121 148 0.0851547834626
121 149 0.0382697223108
121 155 0.0571570992002
121 159 0.0270853500326
121 160 0.078315259376
121 165 0.0714142535773
121 170 0.0535063477182
121 173 0.0276496816259
122 128 0.0365143941284
122 151 0.0277879245814
122 152 0.0524117868909
122 153 0.0246700999857
122 157 0.0282881062431
122 172 0.0283675970115
123 124 0.0443027099677
123 125 0.038947549246
123 126 0.044951461658
123 127 0.0464472743099
123 129 0.0368283458152
124 125 0.216766287646
124 126 0.223733242763
124 127 0.0352489201859
124 129 0.0260337168413
124 147 0.0279205842855
125 126 0.220726351814
125 127 0.0351016373881
125 129 0.0257965596564
125 147 0.0281700970978
126 127 0.0383524176743
126 129 0.0275367587342
126 147 0.0265051135812
127 129 0.0923919703551
128 152 0.0377099456226
128 157 0.0547676253435
128 172 0.0730279243722
130 133 0.0366303954208
130 134 0.030352793655
130 139 0.108366214675
130 140 0.0424578921563
130 141 0.0387366865881
130 144 0.0307806198843
130 148 0.0218753622816
130 150 0.0221459408058
130 160 0.0237271517217
130 163 0.0356107629914
130 165 0.0269021783667
130 178 0.0374680814231
131 134 0.0291856962187
131 141 0.0250842260817
131 148 0.0271427723578
131 155 0.0457272563263
131 160 0.0280411749564
131 165 0.0277518838171
131 170 0.0744842641781
132 133 0.0323998484634
132 138 0.0557607939477
132 143 0.0780803348492
132 144 0.0426179528435
132 150 0.0447077793891
132 151 0.0278635223161
132 161 0.0523927565751
132 166 0.0521845333314
132 171 0.0463128814137
132 178 0.0315786541519
133 134 0.0244511545628
133 139 0.0437135507522
133 140 0.0331055071828
133 141 0.0248755202977
133 143 0.0249565378197
133 144 0.0783887088758
133 150 0.0536202510403
133 163 0.0766531119752
133 178 0.2089892683
134 139 0.0370085960208
134 140 0.0866090796108
134 141 0.0986191855165
134 148 0.0310990500286
134 160 0.0366836549491
134 163 0.0332967639712
134 165 0.0445141565421
134 170 0.0322250448938
134 178 0.0240424553774
135 148 0.0389600891192
135 149 0.112790547292
135 154 0.0347946416979
135 155 0.0479336211593
135 159 0.0506686331522
135 160 0.0318822119767
135 164 0.0305322432636
135 170 0.0287782701245
135 173 0.0778734487972
136 137 0.0385649926112
136 154 0.0482374259018
136 156 0.0329315156305
136 159 0.0274510043498
136 162 0.0500073015991
136 164 0.0426951623276
136 167 0.0554797763857
136 168 0.0822065759432
136 173 0.0283332189303
136 174 0.0221300851247
137 156 0.128768399089
137 162 0.0227397019147
137 167 0.0293234012896
137 168 0.0280400813907
137 169 0.0288823061919
137 174 0.0469071531847
137 175 0.0303224133277
138 143 0.167459792393
138 144 0.0280805877738
138 151 0.0320075475014
138 161 0.0930870743049
138 166 0.0994652698308
138 171 0.121133926636
139 140 0.0585726200403
139 141 0.0461801407969
139 144 0.0329659153455
139 148 0.0221488766599
139 150 0.0254470374905
139 160 0.0245893504706
139 163 0.0481661650359
139 165 0.0282697386832
139 178 0.0445968760975
140 141 0.0861291299672
140 144 0.0242385463852
140 148 0.0261083008118
140 150 0.0237443559677
140 160 0.0301822698091
140 163 0.0482236654067
140 165 0.0359442020071
140 170 0.0239842900243
140 178 0.0324901293634
141 148 0.036806426796
141 160 0.0443610844953
141 163 0.0315862540003
141 165 0.0589001596584
141 170 0.0289712095485
142 146 0.0193356481557
142 169 0.0290229974005
142 174 0.0246096006119
142 175 0.0303675413129
142 176 0.0157886006775
142 177 0.0147824015803
143 144 0.0325978385748
143 150 0.0290111832381
143 151 0.0301966504071
143 161 0.099337296337
143 166 0.105780905357
143 171 0.0895381818763
144 150 0.0460772889476
144 161 0.0327762375609
144 163 0.0406541418371
144 166 0.0328212981726
144 178 0.0788506473092
145 146 0.0365119601379
145 158 0.032893855921
145 176 0.0460420381866
145 177 0.0581860389674
146 158 0.0197084236987
146 176 0.0507011654717
146 177 0.0469231535897
147 153 0.0263068659639
148 149 0.0388087683027
148 155 0.0435214912006
148 160 0.125079665939
148 165 0.0896322946919
148 170 0.0374058481563
148 173 0.0281416316034
149 154 0.0384935623683
149 155 0.066136683798
149 159 0.0753591913328
149 160 0.0328740405656
149 162 0.029691405097
149 164 0.034493797582
149 170 0.0350383251638
149 173 0.0970296846696
150 161 0.0255659390988
150 163 0.0463330199566
150 166 0.0255197651558
150 178 0.0499812355684
151 152 0.043410277315
151 161 0.0247068165772
151 166 0.0247351025504
151 171 0.0339583417961
152 157 0.0429442898736
152 171 0.0289293969473
152 172 0.035705517493
154 155 0.0281086839113
154 159 0.0598082701398
154 162 0.0871884647861
154 164 0.103849439058
154 167 0.0411731309986
154 168 0.070305897117
154 173 0.0598735739145
155 159 0.0453188296326
155 160 0.0400613086657
155 164 0.0283204777669
155 165 0.0352285069567
155 170 0.0674648960157
155 173 0.0425376158298
156 167 0.0284520595483
156 168 0.0246872855793
156 169 0.0357326261807
156 174 0.0656346178748
156 175 0.0375514640492
157 171 0.0321643354439
157 172 0.0932274207443
158 176 0.0195631535274
158 177 0.0214067164977
159 162 0.0420731124706
159 164 0.04990408296
159 167 0.0266178481634
159 168 0.0359599320615
159 170 0.0297602203583
159 173 0.105708658669
160 165 0.167323070493
160 170 0.0390333056238
161 166 0.383037752874
161 171 0.0756452808886
162 164 0.183986489706
162 167 0.0604164540688
162 168 0.0495989462026
162 173 0.0385831184445
163 178 0.0670590973028
164 167 0.0458707922949
164 168 0.0471487771926
164 170 0.0217397206824
164 173 0.0459166152675
165 170 0.0371757538495
166 171 0.0741594319765
167 168 0.0394535738875
168 173 0.0396133932424
169 174 0.0664086610766
169 175 0.257399617877
174 175 0.079371278926
176 177 0.186605814895
