
115 192 297 342 395 408 434 462 504 533 585 587 591 596 638 668 694 708 756 797 843 880 913 914 926 932 935 937 943 
93 109 153 212 248 304 316 419 480 556 559 620 667 670 741 842 900 
4 73 151 172 202 213 258 264 310 352 366 385 392 429 478 479 525 535 544 549 552 625 643 683 688 706 722 738 745 748 782 785 807 812 835 838 842 851 888 901 908 912 943 951 967 975 976 995 1000 
17 71 74 76 77 81 124 145 148 190 210 261 262 317 362 374 380 393 396 435 478 505 508 512 553 554 582 647 705 718 747 762 763 826 830 841 847 849 853 861 873 878 931 956 963 969 974 979 980 985 992 
12 13 58 60 72 95 165 166 168 206 229 282 350 377 387 401 428 450 481 571 595 676 706 711 767 770 779 790 829 831 840 865 869 896 922 934 941 945 948 959 965 978 984 998 999 
8 31 64 148 170 185 195 344 423 469 533 546 583 601 681 727 816 822 824 842 986 
20 23 63 144 146 249 282 320 391 415 417 482 483 659 672 696 734 735 760 774 780 793 887 891 904 906 
28 114 137 183 221 260 273 295 328 463 551 566 593 990 
6 111 116 215 281 291 323 636 855 988 
7 130 200 347 407 426 491 538 560 568 600 619 629 631 636 674 690 697 746 804 806 837 860 883 893 
69 88 144 165 336 373 380 434 459 460 491 506 512 523 529 533 547 550 561 626 629 639 655 687 712 810 834 863 879 978 
150 232 241 253 262 274 282 287 300 341 344 370 382 389 
43 47 118 125 214 252 278 292 301 451 532 720 739 753 769 820 840 882 
5 32 80 117 126 152 236 706 863 938 
9 10 19 24 27 52 73 121 124 161 178 201 209 223 244 322 327 333 340 343 369 383 413 439 465 484 516 537 558 578 632 731 732 758 796 800 828 873 927 933 947 971 978 982 987 996 
2 120 149 158 189 335 348 402 412 490 530 563 589 599 611 760 940 
4 36 44 213 250 272 384 411 441 471 509 614 632 651 657 671 693 794 798 820 859 888 900 
85 180 181 238 324 327 467 493 507 528 609 639 678 793 940 958 
35 41 49 112 140 270 275 276 381 466 486 490 916 988 990 
33 55 84 87 231 237 279 308 430 656 851 961 
163 174 201 217 268 303 309 326 365 432 454 477 564 585 588 628 649 662 679 692 725 729 774 877 884 902 
15 36 61 68 91 105 226 235 311 318 337 386 411 545 574 637 699 733 788 811 812 850 900 919 925 928 942 946 952 956 
15 66 113 134 177 284 338 361 907 957 990 
25 37 42 61 164 198 285 307 414 536 618 644 672 685 695 715 737 759 
14 99 102 203 230 468 487 512 526 570 615 619 793 888 
11 131 135 145 165 166 243 262 305 339 409 411 522 629 656 691 743 765 773 774 813 833 854 855 872 875 882 910 916 923 924 929 957 973 993 
62 96 103 119 154 175 237 245 360 446 478 491 510 592 624 669 675 712 724 751 899 
16 171 310 345 372 399 416 427 497 519 535 573 575 586 652 665 684 716 730 768 795 796 815 820 832 867 905 921 953 997 
132 133 139 142 188 219 227 257 280 312 445 473 605 612 622 689 740 749 787 791 808 852 868 871 876 885 890 909 911 918 960 981 986 991 
70 160 197 251 390 437 464 485 500 501 502 511 519 520 630 645 648 653 663 680 752 759 777 803 866 895 
82 255 265 306 359 421 436 455 499 534 594 640 712 958 986 
147 168 228 329 330 364 393 394 482 488 495 557 623 642 646 664 673 702 754 755 760 766 796 818 892 894 899 
1 56 65 127 147 173 193 234 302 355 490 498 
110 204 240 354 371 376 458 492 515 840 921 940 
29 30 89 129 207 213 299 349 363 438 457 481 513 517 524 580 584 596 607 654 783 816 821 851 857 862 882 889 917 939 950 966 
51 59 182 184 211 218 353 368 378 410 424 425 475 616 700 714 723 761 776 
36 128 166 174 210 219 220 259 266 288 315 344 444 471 482 518 575 580 604 639 647 650 656 674 771 792 814 846 856 863 897 899 907 920 921 930 943 958 977 989 
3 45 133 174 237 293 296 358 388 406 503 521 524 598 632 701 719 789 997 
92 148 162 167 220 247 319 332 379 422 577 686 855 907 988 
39 46 67 157 219 277 290 320 321 514 602 666 707 721 725 736 749 781 819 836 945 961 
57 94 169 176 194 205 313 334 380 398 448 489 527 579 581 610 635 816 817 823 839 858 870 
50 61 83 98 124 133 143 145 159 199 224 242 269 310 314 444 447 524 542 728 764 812 864 874 915 949 954 956 957 961 962 968 970 983 
21 73 136 216 239 246 320 327 346 405 434 456 471 523 555 567 608 619 627 636 677 713 726 742 772 784 809 845 881 898 903 936 938 944 955 964 972 983 994 
4 106 122 144 210 233 351 393 420 453 476 523 565 575 603 641 655 658 672 704 805 825 844 873 886 
38 138 208 263 286 357 431 449 481 576 585 596 597 633 682 709 916 
54 79 104 155 179 225 375 440 461 470 496 535 539 
40 53 78 100 187 236 289 294 356 444 474 543 569 975 983 
26 108 325 367 403 404 433 443 519 617 621 634 647 703 717 725 750 757 759 775 778 786 827 848 
18 48 86 220 236 271 418 531 572 660 674 698 744 749 799 801 802 938 945 
15 22 90 107 168 191 283 298 397 442 494 562 710 878 975 997 
75 97 123 156 196 256 267 452 472 540 541 613 655 661 878 
34 101 141 147 186 201 222 254 331 400 548 580 590 606 




















































































































































































































































































































































































































































































































































































































































































































































































































































































































































































