
57 146 149 197 210 224 237 243 327 345 383 399 425 449 481 524 532 548 557 583 634 638 666 673 682 700 723 736 740 785 835 842 872 898 916 928 931 956 
47 51 105 136 154 260 270 289 293 323 340 356 422 484 490 533 551 558 564 594 654 677 739 743 766 788 807 841 846 848 858 861 879 883 884 886 906 920 921 939 952 959 972 982 986 993 997 
3 31 108 112 127 135 232 241 251 324 481 669 780 
11 41 94 104 130 134 174 192 282 284 351 366 368 403 412 426 430 438 447 475 480 483 487 510 529 534 544 545 562 599 612 625 725 731 752 767 770 810 854 887 888 911 942 961 971 990 992 994 999 
15 32 43 119 153 177 178 220 246 292 302 410 498 511 564 577 607 632 663 670 741 765 773 784 802 816 834 859 860 866 890 894 896 913 927 930 966 996 997 
326 343 362 474 486 512 518 543 557 563 567 574 587 616 628 655 669 862 910 
36 46 64 68 106 111 119 222 242 250 257 285 337 371 590 604 608 698 712 734 751 755 761 781 807 822 828 885 889 899 910 955 976 996 
27 103 235 274 305 323 354 359 465 525 547 596 649 664 675 681 701 710 713 723 793 805 813 832 850 885 903 996 
113 117 177 179 189 225 294 306 307 329 388 424 454 580 600 607 619 636 640 648 688 711 745 759 776 796 797 833 847 856 862 867 908 918 951 957 958 962 963 
23 109 155 158 196 270 427 700 866 904 960 981 
17 26 133 157 166 173 270 272 563 605 618 
44 82 164 194 234 323 347 385 406 407 435 451 502 520 560 601 606 655 676 679 690 704 705 750 763 775 777 778 799 811 821 838 907 922 934 940 
24 76 124 150 188 219 264 275 279 288 296 321 428 455 497 546 603 631 780 
73 118 148 170 184 195 198 338 342 375 380 418 485 538 570 578 585 609 630 635 653 655 680 692 714 735 737 747 762 790 804 815 868 877 884 923 924 929 936 955 967 969 976 980 998 1000 
69 90 122 143 144 169 207 249 353 372 374 434 437 467 
6 54 59 83 121 132 202 215 541 664 987 
35 91 125 126 139 142 145 172 182 183 212 
60 80 116 219 285 290 297 373 381 395 414 423 440 462 489 531 589 617 642 665 728 901 921 971 991 
7 115 129 159 185 203 244 277 309 443 476 581 583 587 588 623 643 645 674 682 708 722 727 753 770 792 810 831 839 880 884 891 909 910 943 950 981 
34 97 128 185 193 230 273 276 308 344 398 399 488 515 560 809 
42 84 204 216 227 236 261 300 301 319 378 394 492 573 595 652 687 722 842 
77 79 114 163 201 285 287 298 312 340 387 389 446 478 496 503 506 517 568 576 611 614 620 624 642 660 686 717 724 738 745 757 812 820 844 863 869 870 881 905 932 946 953 968 971 975 978 979 995 
77 141 180 185 213 219 256 262 376 404 408 436 493 499 541 552 555 569 587 650 691 699 702 720 736 754 769 770 774 800 817 819 833 852 882 896 925 941 965 970 972 976 985 
38 72 79 86 152 160 271 303 316 334 335 415 751 
74 79 88 254 299 308 363 390 441 471 495 528 542 605 606 647 657 661 694 726 751 758 784 798 803 840 843 875 900 901 972 989 
1 9 107 151 218 233 325 404 409 427 492 507 602 605 621 627 644 828 842 955 
36 55 58 98 223 232 238 239 248 310 341 346 352 365 416 417 431 460 463 481 492 509 540 545 563 658 669 671 678 697 709 753 760 783 786 794 885 902 914 926 935 945 954 960 966 989 991 
87 206 214 226 231 245 255 317 319 340 363 392 396 399 450 566 584 627 
13 36 40 101 159 161 181 195 330 361 421 819 921 
50 53 70 81 93 138 286 313 320 350 386 397 452 508 522 987 
25 48 61 66 92 130 153 200 232 235 253 304 355 379 393 466 469 472 514 526 534 556 592 627 629 656 659 687 695 756 782 814 827 837 845 853 897 904 912 949 964 973 977 
52 60 119 339 348 349 357 377 442 459 477 482 493 501 513 545 553 564 597 615 626 716 730 808 826 987 
75 95 100 123 228 314 448 461 550 554 572 607 610 639 668 681 684 700 703 715 764 833 
63 146 268 269 322 328 331 432 433 493 534 722 887 960 973 
2 20 62 71 77 140 171 208 209 247 278 336 358 360 384 479 516 579 598 618 672 719 753 776 780 789 791 866 
5 18 22 37 39 45 65 85 746 988 
12 16 28 33 67 110 156 265 400 429 476 521 523 537 549 583 637 693 707 721 742 748 772 787 809 810 819 829 873 874 895 901 915 919 947 989 991 997 
14 30 102 167 177 190 240 263 283 304 333 391 862 
146 187 211 229 258 267 281 291 318 364 401 420 468 500 535 539 559 
19 29 56 131 165 175 176 205 253 308 405 470 491 519 527 541 582 586 591 593 597 622 633 651 681 733 746 771 776 795 801 807 809 818 824 825 836 849 851 865 871 876 893 904 938 944 966 974 983 984 
8 89 96 217 252 315 382 402 404 419 427 473 530 557 560 571 597 606 618 642 664 706 729 736 745 749 855 878 892 896 903 937 943 973 981 
4 130 159 162 235 259 266 311 363 370 441 494 504 536 565 613 662 687 744 768 802 806 828 988 
10 21 49 60 78 99 137 168 186 191 195 319 367 411 413 444 445 453 457 458 464 476 561 575 683 696 723 746 802 830 857 864 903 917 933 943 948 988 
120 147 153 199 221 253 280 295 304 332 369 439 441 456 505 641 646 667 682 685 689 718 732 779 784 823 887 




























































































































































































































































































































































































































































































































































































































































































































































































































































































































































































