4	1	1
6	1	1
63	1	1
86	1	1
141	1	1
487	1	1
27	2	1
410	2	1
18	3	1
396	3	1
451	3	1
6	4	1
63	4	1
80	4	1
86	4	1
379	4	1
384	4	1
424	4	1
487	4	1
6	5	1
8	5	1
13	5	1
17	5	1
19	5	1
21	5	1
29	5	1
33	5	1
63	5	1
84	5	1
90	5	1
131	5	1
313	5	1
338	5	1
343	5	1
353	5	1
362	5	1
365	5	1
379	5	1
384	5	1
390	5	1
391	5	1
401	5	1
403	5	1
411	5	1
418	5	1
423	5	1
424	5	1
427	5	1
435	5	1
445	5	1
451	5	1
454	5	1
466	5	1
472	5	1
475	5	1
477	5	1
482	5	1
487	5	1
488	5	1
490	5	1
521	5	1
529	5	1
540	5	1
13	6	1
63	6	1
80	6	1
86	6	1
90	6	1
313	6	1
379	6	1
384	6	1
487	6	1
20	7	1
23	7	1
25	7	1
41	7	1
60	7	1
64	7	1
65	7	1
70	7	1
77	7	1
78	7	1
112	7	1
115	7	1
133	7	1
134	7	1
143	7	1
187	7	1
281	7	1
282	7	1
283	7	1
290	7	1
292	7	1
294	7	1
295	7	1
297	7	1
299	7	1
303	7	1
310	7	1
312	7	1
314	7	1
315	7	1
317	7	1
352	7	1
358	7	1
370	7	1
413	7	1
421	7	1
447	7	1
483	7	1
522	7	1
528	7	1
12	8	1
13	8	1
17	8	1
29	8	1
33	8	1
84	8	1
90	8	1
313	8	1
338	8	1
353	8	1
362	8	1
379	8	1
384	8	1
391	8	1
403	8	1
411	8	1
418	8	1
423	8	1
424	8	1
427	8	1
445	8	1
451	8	1
454	8	1
466	8	1
482	8	1
487	8	1
490	8	1
520	8	1
540	8	1
10	9	1
11	9	1
14	9	1
15	9	1
16	9	1
26	9	1
36	9	1
37	9	1
38	9	1
40	9	1
43	9	1
44	9	1
45	9	1
46	9	1
47	9	1
48	9	1
49	9	1
50	9	1
51	9	1
53	9	1
55	9	1
56	9	1
92	9	1
93	9	1
94	9	1
95	9	1
96	9	1
97	9	1
98	9	1
99	9	1
100	9	1
102	9	1
103	9	1
104	9	1
106	9	1
107	9	1
108	9	1
110	9	1
118	9	1
119	9	1
120	9	1
121	9	1
124	9	1
125	9	1
127	9	1
129	9	1
132	9	1
135	9	1
137	9	1
139	9	1
140	9	1
148	9	1
152	9	1
165	9	1
180	9	1
182	9	1
188	9	1
193	9	1
212	9	1
236	9	1
237	9	1
242	9	1
263	9	1
277	9	1
278	9	1
280	9	1
289	9	1
291	9	1
298	9	1
301	9	1
302	9	1
304	9	1
306	9	1
307	9	1
308	9	1
309	9	1
316	9	1
318	9	1
319	9	1
320	9	1
326	9	1
331	9	1
332	9	1
335	9	1
340	9	1
342	9	1
354	9	1
369	9	1
375	9	1
376	9	1
394	9	1
398	9	1
407	9	1
417	9	1
441	9	1
450	9	1
453	9	1
459	9	1
463	9	1
464	9	1
465	9	1
469	9	1
481	9	1
493	9	1
494	9	1
497	9	1
501	9	1
524	9	1
526	9	1
539	9	1
543	9	1
544	9	1
545	9	1
546	9	1
547	9	1
548	9	1
552	9	1
557	9	1
558	9	1
560	9	1
11	10	1
15	10	1
16	10	1
36	10	1
46	10	1
49	10	1
50	10	1
96	10	1
139	10	1
301	10	1
302	10	1
306	10	1
308	10	1
316	10	1
524	10	1
544	10	1
15	11	1
16	11	1
26	11	1
36	11	1
37	11	1
43	11	1
46	11	1
47	11	1
48	11	1
50	11	1
51	11	1
56	11	1
92	11	1
93	11	1
94	11	1
95	11	1
96	11	1
97	11	1
106	11	1
118	11	1
119	11	1
120	11	1
127	11	1
132	11	1
140	11	1
148	11	1
180	11	1
188	11	1
193	11	1
263	11	1
277	11	1
291	11	1
298	11	1
301	11	1
302	11	1
308	11	1
309	11	1
316	11	1
318	11	1
326	11	1
375	11	1
417	11	1
422	11	1
439	11	1
463	11	1
494	11	1
498	11	1
539	11	1
544	11	1
546	11	1
17	13	1
29	13	1
33	13	1
84	13	1
90	13	1
177	13	1
313	13	1
338	13	1
379	13	1
384	13	1
391	13	1
403	13	1
411	13	1
423	13	1
427	13	1
445	13	1
482	13	1
487	13	1
529	13	1
540	13	1
15	14	1
16	14	1
46	14	1
94	14	1
106	14	1
127	14	1
152	14	1
193	14	1
301	14	1
302	14	1
306	14	1
316	14	1
319	14	1
335	14	1
354	14	1
369	14	1
494	14	1
518	14	1
524	14	1
544	14	1
545	14	1
546	14	1
548	14	1
16	15	1
26	15	1
36	15	1
37	15	1
38	15	1
43	15	1
44	15	1
45	15	1
46	15	1
47	15	1
48	15	1
49	15	1
50	15	1
51	15	1
53	15	1
56	15	1
92	15	1
93	15	1
94	15	1
95	15	1
96	15	1
97	15	1
98	15	1
99	15	1
100	15	1
102	15	1
104	15	1
105	15	1
106	15	1
107	15	1
108	15	1
109	15	1
110	15	1
118	15	1
119	15	1
120	15	1
121	15	1
127	15	1
132	15	1
137	15	1
139	15	1
140	15	1
165	15	1
188	15	1
193	15	1
237	15	1
242	15	1
263	15	1
277	15	1
278	15	1
280	15	1
289	15	1
291	15	1
298	15	1
301	15	1
302	15	1
304	15	1
306	15	1
307	15	1
308	15	1
309	15	1
316	15	1
318	15	1
319	15	1
320	15	1
326	15	1
332	15	1
335	15	1
340	15	1
356	15	1
369	15	1
412	15	1
417	15	1
419	15	1
441	15	1
453	15	1
459	15	1
463	15	1
464	15	1
465	15	1
469	15	1
481	15	1
493	15	1
494	15	1
497	15	1
501	15	1
518	15	1
524	15	1
539	15	1
543	15	1
544	15	1
545	15	1
546	15	1
547	15	1
548	15	1
560	15	1
26	16	1
36	16	1
37	16	1
38	16	1
43	16	1
44	16	1
45	16	1
46	16	1
48	16	1
49	16	1
50	16	1
51	16	1
53	16	1
95	16	1
96	16	1
97	16	1
98	16	1
100	16	1
106	16	1
107	16	1
108	16	1
120	16	1
125	16	1
127	16	1
129	16	1
139	16	1
140	16	1
188	16	1
193	16	1
242	16	1
277	16	1
278	16	1
298	16	1
301	16	1
302	16	1
304	16	1
306	16	1
308	16	1
316	16	1
318	16	1
319	16	1
320	16	1
322	16	1
331	16	1
335	16	1
340	16	1
354	16	1
369	16	1
444	16	1
453	16	1
459	16	1
465	16	1
477	16	1
518	16	1
524	16	1
539	16	1
544	16	1
545	16	1
546	16	1
547	16	1
560	16	1
90	17	1
313	17	1
338	17	1
353	17	1
384	17	1
403	17	1
423	17	1
424	17	1
427	17	1
445	17	1
482	17	1
87	18	1
111	18	1
357	18	1
361	18	1
382	18	1
396	18	1
408	18	1
426	18	1
84	19	1
90	19	1
141	19	1
313	19	1
362	19	1
365	19	1
371	19	1
384	19	1
391	19	1
401	19	1
403	19	1
423	19	1
427	19	1
435	19	1
445	19	1
454	19	1
466	19	1
476	19	1
482	19	1
487	19	1
488	19	1
490	19	1
540	19	1
23	20	1
25	20	1
41	20	1
60	20	1
62	20	1
64	20	1
65	20	1
70	20	1
77	20	1
78	20	1
112	20	1
115	20	1
116	20	1
117	20	1
122	20	1
133	20	1
134	20	1
142	20	1
143	20	1
187	20	1
281	20	1
282	20	1
283	20	1
290	20	1
292	20	1
294	20	1
295	20	1
296	20	1
297	20	1
299	20	1
303	20	1
310	20	1
311	20	1
312	20	1
314	20	1
315	20	1
317	20	1
321	20	1
341	20	1
358	20	1
359	20	1
367	20	1
370	20	1
374	20	1
385	20	1
406	20	1
413	20	1
421	20	1
447	20	1
483	20	1
522	20	1
29	21	1
313	21	1
343	21	1
405	21	1
477	21	1
488	21	1
176	22	1
234	22	1
236	22	1
25	23	1
39	23	1
41	23	1
64	23	1
65	23	1
69	23	1
70	23	1
77	23	1
78	23	1
112	23	1
115	23	1
116	23	1
117	23	1
133	23	1
134	23	1
143	23	1
187	23	1
282	23	1
283	23	1
288	23	1
290	23	1
292	23	1
294	23	1
295	23	1
297	23	1
299	23	1
303	23	1
310	23	1
311	23	1
312	23	1
314	23	1
315	23	1
317	23	1
321	23	1
358	23	1
359	23	1
362	23	1
367	23	1
370	23	1
374	23	1
385	23	1
406	23	1
413	23	1
421	23	1
447	23	1
456	23	1
483	23	1
492	23	1
25	24	1
112	24	1
292	24	1
41	25	1
60	25	1
62	25	1
64	25	1
65	25	1
66	25	1
70	25	1
76	25	1
77	25	1
78	25	1
112	25	1
115	25	1
117	25	1
122	25	1
133	25	1
134	25	1
142	25	1
143	25	1
187	25	1
281	25	1
282	25	1
283	25	1
285	25	1
288	25	1
290	25	1
292	25	1
293	25	1
294	25	1
295	25	1
297	25	1
299	25	1
303	25	1
311	25	1
312	25	1
314	25	1
315	25	1
317	25	1
352	25	1
358	25	1
359	25	1
367	25	1
370	25	1
385	25	1
388	25	1
413	25	1
421	25	1
444	25	1
447	25	1
536	25	1
36	26	1
37	26	1
43	26	1
44	26	1
45	26	1
46	26	1
47	26	1
48	26	1
49	26	1
50	26	1
51	26	1
53	26	1
55	26	1
56	26	1
92	26	1
94	26	1
95	26	1
96	26	1
97	26	1
98	26	1
99	26	1
100	26	1
102	26	1
103	26	1
105	26	1
106	26	1
107	26	1
108	26	1
119	26	1
120	26	1
121	26	1
127	26	1
129	26	1
132	26	1
137	26	1
139	26	1
140	26	1
165	26	1
180	26	1
188	26	1
193	26	1
212	26	1
236	26	1
242	26	1
255	26	1
277	26	1
278	26	1
280	26	1
289	26	1
298	26	1
301	26	1
302	26	1
304	26	1
305	26	1
308	26	1
309	26	1
316	26	1
318	26	1
319	26	1
320	26	1
326	26	1
332	26	1
335	26	1
412	26	1
493	26	1
498	26	1
544	26	1
545	26	1
546	26	1
547	26	1
548	26	1
560	26	1
29	28	1
84	29	1
313	29	1
343	29	1
380	29	1
391	29	1
403	29	1
405	29	1
418	29	1
424	29	1
442	29	1
451	29	1
472	29	1
475	29	1
476	29	1
477	29	1
488	29	1
529	29	1
551	29	1
126	30	1
444	30	1
426	31	1
63	32	1
378	32	1
529	32	1
84	33	1
313	33	1
353	33	1
362	33	1
379	33	1
384	33	1
391	33	1
411	33	1
454	33	1
466	33	1
487	33	1
488	33	1
131	34	1
475	34	1
323	35	1
37	36	1
43	36	1
44	36	1
45	36	1
46	36	1
47	36	1
48	36	1
50	36	1
51	36	1
53	36	1
55	36	1
94	36	1
95	36	1
96	36	1
97	36	1
98	36	1
99	36	1
100	36	1
102	36	1
103	36	1
104	36	1
106	36	1
107	36	1
108	36	1
109	36	1
119	36	1
120	36	1
125	36	1
127	36	1
129	36	1
132	36	1
139	36	1
140	36	1
165	36	1
180	36	1
188	36	1
193	36	1
237	36	1
242	36	1
263	36	1
278	36	1
289	36	1
291	36	1
298	36	1
301	36	1
302	36	1
304	36	1
308	36	1
316	36	1
319	36	1
320	36	1
326	36	1
332	36	1
340	36	1
417	36	1
422	36	1
453	36	1
463	36	1
493	36	1
494	36	1
497	36	1
518	36	1
539	36	1
544	36	1
545	36	1
546	36	1
560	36	1
38	37	1
43	37	1
44	37	1
45	37	1
46	37	1
48	37	1
49	37	1
50	37	1
51	37	1
53	37	1
92	37	1
93	37	1
94	37	1
95	37	1
96	37	1
97	37	1
98	37	1
99	37	1
102	37	1
106	37	1
107	37	1
108	37	1
109	37	1
110	37	1
119	37	1
120	37	1
124	37	1
127	37	1
129	37	1
132	37	1
139	37	1
186	37	1
188	37	1
193	37	1
212	37	1
237	37	1
242	37	1
263	37	1
277	37	1
278	37	1
291	37	1
298	37	1
301	37	1
302	37	1
304	37	1
306	37	1
307	37	1
308	37	1
309	37	1
316	37	1
318	37	1
319	37	1
320	37	1
326	37	1
331	37	1
335	37	1
340	37	1
369	37	1
376	37	1
394	37	1
419	37	1
441	37	1
453	37	1
459	37	1
463	37	1
464	37	1
469	37	1
480	37	1
481	37	1
494	37	1
501	37	1
539	37	1
543	37	1
544	37	1
545	37	1
546	37	1
547	37	1
548	37	1
557	37	1
560	37	1
43	38	1
46	38	1
47	38	1
48	38	1
94	38	1
96	38	1
98	38	1
99	38	1
100	38	1
102	38	1
104	38	1
107	38	1
109	38	1
119	38	1
120	38	1
127	38	1
129	38	1
132	38	1
139	38	1
140	38	1
212	38	1
237	38	1
242	38	1
263	38	1
291	38	1
298	38	1
301	38	1
302	38	1
304	38	1
307	38	1
308	38	1
309	38	1
316	38	1
319	38	1
320	38	1
326	38	1
340	38	1
369	38	1
394	38	1
419	38	1
450	38	1
453	38	1
463	38	1
494	38	1
526	38	1
539	38	1
543	38	1
544	38	1
546	38	1
548	38	1
552	38	1
41	39	1
64	39	1
65	39	1
66	39	1
69	39	1
70	39	1
77	39	1
78	39	1
112	39	1
115	39	1
116	39	1
117	39	1
122	39	1
133	39	1
134	39	1
142	39	1
187	39	1
282	39	1
283	39	1
284	39	1
290	39	1
294	39	1
295	39	1
296	39	1
297	39	1
299	39	1
310	39	1
314	39	1
315	39	1
321	39	1
322	39	1
370	39	1
374	39	1
406	39	1
421	39	1
447	39	1
470	39	1
483	39	1
522	39	1
536	39	1
42	40	1
43	40	1
47	40	1
48	40	1
51	40	1
53	40	1
92	40	1
107	40	1
118	40	1
119	40	1
127	40	1
132	40	1
140	40	1
152	40	1
236	40	1
237	40	1
242	40	1
280	40	1
289	40	1
298	40	1
308	40	1
316	40	1
319	40	1
326	40	1
340	40	1
356	40	1
394	40	1
463	40	1
469	40	1
478	40	1
480	40	1
481	40	1
494	40	1
545	40	1
547	40	1
548	40	1
557	40	1
64	41	1
65	41	1
70	41	1
78	41	1
112	41	1
115	41	1
133	41	1
134	41	1
143	41	1
187	41	1
281	41	1
282	41	1
283	41	1
290	41	1
292	41	1
294	41	1
297	41	1
299	41	1
303	41	1
310	41	1
312	41	1
314	41	1
315	41	1
317	41	1
370	41	1
374	41	1
421	41	1
447	41	1
522	41	1
46	42	1
49	42	1
105	42	1
118	42	1
139	42	1
186	42	1
236	42	1
280	42	1
298	42	1
354	42	1
407	42	1
412	42	1
525	42	1
548	42	1
44	43	1
45	43	1
46	43	1
48	43	1
50	43	1
51	43	1
53	43	1
55	43	1
92	43	1
93	43	1
94	43	1
95	43	1
97	43	1
98	43	1
99	43	1
100	43	1
102	43	1
103	43	1
107	43	1
108	43	1
109	43	1
110	43	1
118	43	1
119	43	1
121	43	1
125	43	1
127	43	1
129	43	1
132	43	1
140	43	1
152	43	1
165	43	1
186	43	1
188	43	1
193	43	1
237	43	1
242	43	1
274	43	1
277	43	1
278	43	1
280	43	1
289	43	1
291	43	1
298	43	1
301	43	1
302	43	1
304	43	1
306	43	1
307	43	1
309	43	1
316	43	1
318	43	1
319	43	1
320	43	1
326	43	1
331	43	1
332	43	1
335	43	1
340	43	1
369	43	1
375	43	1
398	43	1
407	43	1
412	43	1
419	43	1
441	43	1
443	43	1
450	43	1
453	43	1
459	43	1
463	43	1
469	43	1
481	43	1
493	43	1
494	43	1
518	43	1
526	43	1
539	43	1
543	43	1
545	43	1
546	43	1
547	43	1
548	43	1
552	43	1
557	43	1
560	43	1
46	44	1
48	44	1
49	44	1
50	44	1
51	44	1
53	44	1
95	44	1
96	44	1
97	44	1
102	44	1
107	44	1
127	44	1
129	44	1
132	44	1
135	44	1
139	44	1
140	44	1
152	44	1
237	44	1
242	44	1
263	44	1
289	44	1
298	44	1
301	44	1
302	44	1
304	44	1
305	44	1
316	44	1
326	44	1
398	44	1
412	44	1
453	44	1
539	44	1
544	44	1
545	44	1
546	44	1
548	44	1
46	45	1
47	45	1
49	45	1
50	45	1
51	45	1
53	45	1
55	45	1
93	45	1
95	45	1
97	45	1
106	45	1
107	45	1
119	45	1
120	45	1
121	45	1
127	45	1
132	45	1
180	45	1
188	45	1
193	45	1
242	45	1
263	45	1
298	45	1
301	45	1
302	45	1
306	45	1
316	45	1
320	45	1
340	45	1
441	45	1
463	45	1
47	46	1
48	46	1
49	46	1
50	46	1
51	46	1
53	46	1
55	46	1
56	46	1
92	46	1
93	46	1
94	46	1
95	46	1
96	46	1
97	46	1
98	46	1
99	46	1
100	46	1
102	46	1
103	46	1
104	46	1
105	46	1
106	46	1
107	46	1
108	46	1
109	46	1
110	46	1
118	46	1
119	46	1
120	46	1
121	46	1
127	46	1
129	46	1
132	46	1
135	46	1
136	46	1
137	46	1
139	46	1
140	46	1
165	46	1
179	46	1
180	46	1
181	46	1
186	46	1
188	46	1
193	46	1
198	46	1
225	46	1
230	46	1
237	46	1
242	46	1
263	46	1
277	46	1
278	46	1
280	46	1
289	46	1
291	46	1
298	46	1
301	46	1
302	46	1
304	46	1
306	46	1
307	46	1
308	46	1
309	46	1
316	46	1
318	46	1
319	46	1
320	46	1
326	46	1
332	46	1
335	46	1
340	46	1
354	46	1
394	46	1
398	46	1
412	46	1
419	46	1
422	46	1
439	46	1
441	46	1
450	46	1
453	46	1
463	46	1
469	46	1
478	46	1
493	46	1
494	46	1
496	46	1
497	46	1
498	46	1
501	46	1
518	46	1
524	46	1
525	46	1
526	46	1
539	46	1
543	46	1
544	46	1
545	46	1
546	46	1
547	46	1
548	46	1
559	46	1
560	46	1
49	47	1
50	47	1
51	47	1
53	47	1
55	47	1
56	47	1
92	47	1
93	47	1
95	47	1
96	47	1
97	47	1
99	47	1
100	47	1
102	47	1
103	47	1
104	47	1
106	47	1
107	47	1
109	47	1
118	47	1
119	47	1
121	47	1
127	47	1
132	47	1
140	47	1
152	47	1
165	47	1
180	47	1
188	47	1
193	47	1
197	47	1
210	47	1
212	47	1
237	47	1
242	47	1
255	47	1
263	47	1
278	47	1
280	47	1
289	47	1
298	47	1
301	47	1
302	47	1
304	47	1
306	47	1
316	47	1
319	47	1
320	47	1
326	47	1
332	47	1
340	47	1
369	47	1
375	47	1
417	47	1
443	47	1
449	47	1
453	47	1
459	47	1
463	47	1
469	47	1
481	47	1
494	47	1
498	47	1
501	47	1
518	47	1
524	47	1
539	47	1
543	47	1
544	47	1
546	47	1
547	47	1
548	47	1
560	47	1
49	48	1
50	48	1
51	48	1
53	48	1
92	48	1
93	48	1
94	48	1
95	48	1
96	48	1
97	48	1
98	48	1
99	48	1
100	48	1
101	48	1
102	48	1
104	48	1
106	48	1
107	48	1
108	48	1
110	48	1
119	48	1
120	48	1
124	48	1
127	48	1
129	48	1
132	48	1
139	48	1
140	48	1
188	48	1
193	48	1
210	48	1
212	48	1
237	48	1
242	48	1
263	48	1
291	48	1
298	48	1
301	48	1
302	48	1
304	48	1
307	48	1
308	48	1
309	48	1
316	48	1
319	48	1
320	48	1
326	48	1
331	48	1
335	48	1
340	48	1
369	48	1
376	48	1
394	48	1
419	48	1
441	48	1
450	48	1
453	48	1
463	48	1
469	48	1
481	48	1
501	48	1
539	48	1
543	48	1
544	48	1
545	48	1
546	48	1
547	48	1
548	48	1
552	48	1
557	48	1
560	48	1
50	49	1
51	49	1
52	49	1
53	49	1
94	49	1
95	49	1
96	49	1
97	49	1
98	49	1
99	49	1
104	49	1
105	49	1
106	49	1
107	49	1
108	49	1
109	49	1
118	49	1
119	49	1
120	49	1
121	49	1
127	49	1
132	49	1
136	49	1
137	49	1
139	49	1
165	49	1
186	49	1
188	49	1
193	49	1
242	49	1
277	49	1
291	49	1
301	49	1
302	49	1
304	49	1
306	49	1
308	49	1
309	49	1
316	49	1
318	49	1
320	49	1
331	49	1
335	49	1
340	49	1
376	49	1
394	49	1
407	49	1
450	49	1
459	49	1
463	49	1
464	49	1
478	49	1
481	49	1
493	49	1
494	49	1
497	49	1
525	49	1
544	49	1
545	49	1
548	49	1
557	49	1
559	49	1
560	49	1
51	50	1
53	50	1
55	50	1
56	50	1
92	50	1
93	50	1
94	50	1
95	50	1
96	50	1
97	50	1
98	50	1
99	50	1
100	50	1
102	50	1
104	50	1
105	50	1
106	50	1
107	50	1
108	50	1
110	50	1
118	50	1
119	50	1
120	50	1
121	50	1
125	50	1
127	50	1
129	50	1
132	50	1
135	50	1
137	50	1
139	50	1
140	50	1
165	50	1
179	50	1
180	50	1
188	50	1
193	50	1
198	50	1
212	50	1
236	50	1
255	50	1
263	50	1
277	50	1
278	50	1
280	50	1
291	50	1
298	50	1
301	50	1
302	50	1
304	50	1
305	50	1
306	50	1
308	50	1
309	50	1
316	50	1
318	50	1
319	50	1
320	50	1
326	50	1
331	50	1
332	50	1
335	50	1
340	50	1
349	50	1
354	50	1
412	50	1
419	50	1
439	50	1
441	50	1
443	50	1
463	50	1
469	50	1
489	50	1
493	50	1
496	50	1
497	50	1
518	50	1
539	50	1
544	50	1
545	50	1
546	50	1
547	50	1
548	50	1
557	50	1
559	50	1
560	50	1
53	51	1
92	51	1
94	51	1
95	51	1
96	51	1
97	51	1
98	51	1
99	51	1
102	51	1
104	51	1
106	51	1
107	51	1
108	51	1
118	51	1
119	51	1
120	51	1
125	51	1
127	51	1
129	51	1
132	51	1
139	51	1
140	51	1
152	51	1
180	51	1
188	51	1
193	51	1
237	51	1
242	51	1
263	51	1
277	51	1
278	51	1
291	51	1
298	51	1
301	51	1
302	51	1
304	51	1
306	51	1
307	51	1
308	51	1
309	51	1
316	51	1
318	51	1
319	51	1
320	51	1
326	51	1
335	51	1
340	51	1
356	51	1
369	51	1
441	51	1
463	51	1
469	51	1
478	51	1
481	51	1
494	51	1
501	51	1
524	51	1
526	51	1
539	51	1
543	51	1
544	51	1
545	51	1
546	51	1
547	51	1
548	51	1
557	51	1
558	51	1
560	51	1
53	52	1
55	52	1
95	52	1
104	52	1
109	52	1
110	52	1
120	52	1
121	52	1
135	52	1
136	52	1
137	52	1
256	52	1
274	52	1
277	52	1
320	52	1
327	52	1
412	52	1
419	52	1
481	52	1
493	52	1
494	52	1
497	52	1
526	52	1
548	52	1
559	52	1
55	53	1
56	53	1
94	53	1
95	53	1
96	53	1
97	53	1
98	53	1
99	53	1
100	53	1
103	53	1
104	53	1
105	53	1
107	53	1
108	53	1
109	53	1
110	53	1
118	53	1
119	53	1
120	53	1
121	53	1
127	53	1
129	53	1
132	53	1
135	53	1
137	53	1
139	53	1
140	53	1
165	53	1
180	53	1
186	53	1
188	53	1
193	53	1
212	53	1
225	53	1
236	53	1
237	53	1
242	53	1
255	53	1
256	53	1
263	53	1
268	53	1
274	53	1
277	53	1
278	53	1
280	53	1
289	53	1
291	53	1
298	53	1
301	53	1
302	53	1
304	53	1
306	53	1
316	53	1
319	53	1
320	53	1
326	53	1
327	53	1
340	53	1
356	53	1
369	53	1
394	53	1
398	53	1
407	53	1
412	53	1
417	53	1
419	53	1
422	53	1
441	53	1
443	53	1
453	53	1
463	53	1
464	53	1
469	53	1
474	53	1
481	53	1
493	53	1
494	53	1
495	53	1
497	53	1
498	53	1
501	53	1
518	53	1
524	53	1
526	53	1
539	53	1
543	53	1
545	53	1
546	53	1
547	53	1
548	53	1
552	53	1
557	53	1
560	53	1
140	54	1
334	54	1
541	54	1
94	55	1
96	55	1
97	55	1
99	55	1
102	55	1
103	55	1
104	55	1
107	55	1
108	55	1
109	55	1
110	55	1
121	55	1
127	55	1
132	55	1
135	55	1
136	55	1
139	55	1
165	55	1
180	55	1
230	55	1
255	55	1
268	55	1
277	55	1
278	55	1
280	55	1
298	55	1
302	55	1
304	55	1
305	55	1
308	55	1
316	55	1
319	55	1
320	55	1
327	55	1
331	55	1
340	55	1
375	55	1
394	55	1
398	55	1
419	55	1
450	55	1
474	55	1
493	55	1
494	55	1
496	55	1
497	55	1
518	55	1
526	55	1
539	55	1
547	55	1
548	55	1
557	55	1
560	55	1
95	56	1
97	56	1
104	56	1
105	56	1
106	56	1
107	56	1
108	56	1
118	56	1
119	56	1
124	56	1
127	56	1
132	56	1
136	56	1
139	56	1
140	56	1
165	56	1
180	56	1
186	56	1
193	56	1
231	56	1
277	56	1
289	56	1
298	56	1
301	56	1
302	56	1
316	56	1
349	56	1
356	56	1
394	56	1
407	56	1
412	56	1
497	56	1
498	56	1
547	56	1
379	57	1
487	57	1
71	58	1
74	58	1
81	58	1
79	59	1
414	59	1
537	59	1
542	59	1
61	60	1
67	60	1
112	60	1
113	60	1
134	60	1
143	60	1
281	60	1
283	60	1
292	60	1
303	60	1
317	60	1
352	60	1
358	60	1
367	60	1
374	60	1
483	60	1
67	61	1
68	61	1
72	61	1
112	61	1
64	62	1
66	62	1
69	62	1
76	62	1
77	62	1
78	62	1
112	62	1
117	62	1
133	62	1
134	62	1
143	62	1
283	62	1
290	62	1
292	62	1
294	62	1
295	62	1
303	62	1
311	62	1
312	62	1
317	62	1
358	62	1
367	62	1
370	62	1
374	62	1
385	62	1
447	62	1
80	63	1
86	63	1
313	63	1
344	63	1
348	63	1
353	63	1
365	63	1
374	63	1
377	63	1
379	63	1
384	63	1
409	63	1
424	63	1
473	63	1
479	63	1
482	63	1
487	63	1
490	63	1
529	63	1
533	63	1
65	64	1
69	64	1
76	64	1
77	64	1
78	64	1
133	64	1
134	64	1
143	64	1
187	64	1
282	64	1
283	64	1
290	64	1
292	64	1
294	64	1
297	64	1
299	64	1
303	64	1
312	64	1
314	64	1
315	64	1
317	64	1
358	64	1
370	64	1
385	64	1
421	64	1
447	64	1
69	65	1
70	65	1
77	65	1
78	65	1
112	65	1
115	65	1
122	65	1
133	65	1
134	65	1
143	65	1
187	65	1
281	65	1
282	65	1
283	65	1
288	65	1
290	65	1
292	65	1
294	65	1
295	65	1
296	65	1
297	65	1
299	65	1
303	65	1
310	65	1
311	65	1
312	65	1
314	65	1
315	65	1
317	65	1
358	65	1
367	65	1
370	65	1
374	65	1
406	65	1
413	65	1
421	65	1
447	65	1
483	65	1
522	65	1
528	65	1
70	66	1
74	66	1
76	66	1
77	66	1
78	66	1
79	66	1
81	66	1
112	66	1
116	66	1
117	66	1
122	66	1
142	66	1
281	66	1
283	66	1
293	66	1
311	66	1
312	66	1
315	66	1
358	66	1
367	66	1
370	66	1
374	66	1
483	66	1
522	66	1
527	66	1
536	66	1
68	67	1
72	67	1
73	67	1
76	67	1
112	67	1
350	67	1
350	68	1
77	69	1
78	69	1
83	69	1
112	69	1
187	69	1
290	69	1
315	69	1
370	69	1
447	69	1
456	69	1
522	69	1
78	70	1
115	70	1
133	70	1
143	70	1
187	70	1
282	70	1
283	70	1
288	70	1
292	70	1
297	70	1
299	70	1
303	70	1
315	70	1
362	70	1
370	70	1
413	70	1
447	70	1
532	70	1
74	71	1
79	71	1
81	71	1
344	71	1
73	72	1
79	74	1
81	74	1
485	74	1
344	75	1
112	76	1
117	76	1
133	76	1
134	76	1
142	76	1
283	76	1
292	76	1
293	76	1
294	76	1
295	76	1
296	76	1
299	76	1
303	76	1
311	76	1
312	76	1
315	76	1
317	76	1
358	76	1
367	76	1
385	76	1
444	76	1
447	76	1
536	76	1
78	77	1
112	77	1
116	77	1
122	77	1
133	77	1
142	77	1
143	77	1
187	77	1
282	77	1
283	77	1
288	77	1
294	77	1
295	77	1
296	77	1
297	77	1
299	77	1
303	77	1
311	77	1
314	77	1
315	77	1
317	77	1
321	77	1
370	77	1
385	77	1
406	77	1
413	77	1
421	77	1
447	77	1
483	77	1
527	77	1
536	77	1
112	78	1
115	78	1
116	78	1
117	78	1
122	78	1
133	78	1
134	78	1
142	78	1
143	78	1
187	78	1
281	78	1
282	78	1
283	78	1
288	78	1
290	78	1
292	78	1
293	78	1
294	78	1
295	78	1
296	78	1
297	78	1
299	78	1
303	78	1
310	78	1
311	78	1
312	78	1
314	78	1
315	78	1
317	78	1
321	78	1
358	78	1
359	78	1
367	78	1
370	78	1
374	78	1
385	78	1
406	78	1
413	78	1
421	78	1
447	78	1
483	78	1
522	78	1
536	78	1
81	79	1
414	79	1
485	79	1
537	79	1
538	79	1
86	80	1
296	80	1
313	80	1
384	80	1
487	80	1
344	81	1
485	81	1
537	81	1
337	82	1
537	82	1
86	84	1
313	84	1
353	84	1
362	84	1
365	84	1
371	84	1
379	84	1
384	84	1
390	84	1
411	84	1
424	84	1
427	84	1
445	84	1
454	84	1
466	84	1
482	84	1
487	84	1
488	84	1
490	84	1
540	84	1
199	85	1
512	85	1
190	86	1
378	86	1
379	86	1
384	86	1
422	86	1
424	86	1
487	86	1
361	87	1
382	87	1
396	87	1
408	87	1
89	88	1
148	88	1
347	88	1
176	89	1
234	89	1
236	89	1
347	89	1
499	89	1
313	90	1
338	90	1
384	90	1
391	90	1
403	90	1
427	90	1
445	90	1
454	90	1
466	90	1
482	90	1
487	90	1
490	90	1
169	91	1
222	91	1
517	91	1
550	91	1
93	92	1
94	92	1
95	92	1
97	92	1
99	92	1
100	92	1
102	92	1
103	92	1
104	92	1
107	92	1
108	92	1
109	92	1
110	92	1
119	92	1
120	92	1
127	92	1
129	92	1
132	92	1
139	92	1
180	92	1
186	92	1
193	92	1
210	92	1
237	92	1
242	92	1
263	92	1
291	92	1
298	92	1
301	92	1
302	92	1
304	92	1
306	92	1
308	92	1
309	92	1
316	92	1
319	92	1
320	92	1
326	92	1
340	92	1
394	92	1
412	92	1
419	92	1
453	92	1
463	92	1
464	92	1
469	92	1
493	92	1
494	92	1
497	92	1
518	92	1
543	92	1
545	92	1
546	92	1
547	92	1
552	92	1
557	92	1
95	93	1
96	93	1
97	93	1
98	93	1
101	93	1
103	93	1
104	93	1
109	93	1
119	93	1
120	93	1
127	93	1
132	93	1
139	93	1
188	93	1
193	93	1
291	93	1
298	93	1
301	93	1
302	93	1
304	93	1
306	93	1
308	93	1
316	93	1
318	93	1
320	93	1
326	93	1
327	93	1
340	93	1
369	93	1
453	93	1
463	93	1
494	93	1
501	93	1
539	93	1
544	93	1
546	93	1
95	94	1
96	94	1
97	94	1
98	94	1
99	94	1
100	94	1
101	94	1
104	94	1
105	94	1
106	94	1
107	94	1
108	94	1
110	94	1
118	94	1
119	94	1
120	94	1
124	94	1
127	94	1
129	94	1
132	94	1
135	94	1
137	94	1
139	94	1
165	94	1
188	94	1
193	94	1
212	94	1
242	94	1
255	94	1
256	94	1
263	94	1
274	94	1
277	94	1
278	94	1
291	94	1
301	94	1
302	94	1
304	94	1
308	94	1
309	94	1
316	94	1
318	94	1
319	94	1
320	94	1
326	94	1
327	94	1
331	94	1
335	94	1
340	94	1
369	94	1
394	94	1
398	94	1
412	94	1
419	94	1
430	94	1
463	94	1
464	94	1
465	94	1
493	94	1
496	94	1
498	94	1
501	94	1
525	94	1
539	94	1
543	94	1
544	94	1
545	94	1
546	94	1
548	94	1
560	94	1
96	95	1
97	95	1
98	95	1
99	95	1
100	95	1
102	95	1
103	95	1
106	95	1
107	95	1
108	95	1
118	95	1
119	95	1
120	95	1
121	95	1
125	95	1
127	95	1
129	95	1
132	95	1
135	95	1
139	95	1
140	95	1
180	95	1
186	95	1
188	95	1
193	95	1
242	95	1
263	95	1
268	95	1
277	95	1
278	95	1
291	95	1
298	95	1
301	95	1
302	95	1
304	95	1
305	95	1
306	95	1
307	95	1
308	95	1
309	95	1
316	95	1
318	95	1
319	95	1
320	95	1
326	95	1
331	95	1
335	95	1
340	95	1
349	95	1
354	95	1
355	95	1
369	95	1
376	95	1
394	95	1
419	95	1
441	95	1
453	95	1
459	95	1
463	95	1
464	95	1
469	95	1
493	95	1
494	95	1
496	95	1
497	95	1
498	95	1
518	95	1
539	95	1
544	95	1
545	95	1
546	95	1
547	95	1
548	95	1
559	95	1
560	95	1
97	96	1
98	96	1
99	96	1
100	96	1
101	96	1
102	96	1
104	96	1
106	96	1
107	96	1
110	96	1
119	96	1
120	96	1
124	96	1
127	96	1
129	96	1
132	96	1
140	96	1
188	96	1
193	96	1
212	96	1
237	96	1
242	96	1
263	96	1
277	96	1
278	96	1
280	96	1
291	96	1
298	96	1
301	96	1
302	96	1
304	96	1
306	96	1
307	96	1
308	96	1
309	96	1
316	96	1
318	96	1
319	96	1
320	96	1
326	96	1
335	96	1
340	96	1
356	96	1
369	96	1
376	96	1
394	96	1
407	96	1
417	96	1
450	96	1
453	96	1
463	96	1
464	96	1
478	96	1
480	96	1
481	96	1
493	96	1
494	96	1
539	96	1
543	96	1
544	96	1
545	96	1
546	96	1
547	96	1
548	96	1
552	96	1
558	96	1
560	96	1
98	97	1
99	97	1
100	97	1
102	97	1
103	97	1
104	97	1
106	97	1
107	97	1
108	97	1
109	97	1
110	97	1
119	97	1
120	97	1
121	97	1
127	97	1
129	97	1
132	97	1
135	97	1
139	97	1
140	97	1
180	97	1
186	97	1
188	97	1
193	97	1
242	97	1
256	97	1
263	97	1
278	97	1
280	97	1
289	97	1
291	97	1
298	97	1
301	97	1
302	97	1
304	97	1
305	97	1
306	97	1
307	97	1
308	97	1
309	97	1
316	97	1
318	97	1
319	97	1
320	97	1
326	97	1
332	97	1
335	97	1
340	97	1
419	97	1
441	97	1
453	97	1
463	97	1
478	97	1
481	97	1
493	97	1
494	97	1
496	97	1
497	97	1
518	97	1
539	97	1
544	97	1
545	97	1
546	97	1
547	97	1
548	97	1
557	97	1
559	97	1
560	97	1
100	98	1
102	98	1
105	98	1
107	98	1
108	98	1
118	98	1
119	98	1
120	98	1
125	98	1
127	98	1
129	98	1
132	98	1
135	98	1
137	98	1
139	98	1
188	98	1
193	98	1
236	98	1
242	98	1
249	98	1
263	98	1
277	98	1
278	98	1
301	98	1
302	98	1
304	98	1
305	98	1
316	98	1
319	98	1
320	98	1
332	98	1
335	98	1
340	98	1
369	98	1
417	98	1
450	98	1
463	98	1
478	98	1
494	98	1
498	98	1
524	98	1
525	98	1
539	98	1
544	98	1
545	98	1
546	98	1
547	98	1
560	98	1
100	99	1
102	99	1
103	99	1
104	99	1
107	99	1
108	99	1
110	99	1
118	99	1
119	99	1
120	99	1
121	99	1
124	99	1
127	99	1
129	99	1
132	99	1
135	99	1
136	99	1
140	99	1
188	99	1
237	99	1
242	99	1
263	99	1
268	99	1
291	99	1
298	99	1
301	99	1
302	99	1
304	99	1
307	99	1
308	99	1
309	99	1
316	99	1
319	99	1
320	99	1
326	99	1
332	99	1
349	99	1
356	99	1
376	99	1
394	99	1
407	99	1
419	99	1
439	99	1
441	99	1
443	99	1
450	99	1
453	99	1
463	99	1
469	99	1
481	99	1
494	99	1
497	99	1
501	99	1
513	99	1
526	99	1
543	99	1
544	99	1
545	99	1
547	99	1
548	99	1
552	99	1
557	99	1
558	99	1
560	99	1
102	100	1
105	100	1
108	100	1
118	100	1
119	100	1
120	100	1
127	100	1
129	100	1
132	100	1
137	100	1
139	100	1
140	100	1
212	100	1
242	100	1
255	100	1
256	100	1
263	100	1
274	100	1
277	100	1
291	100	1
301	100	1
302	100	1
304	100	1
308	100	1
316	100	1
318	100	1
319	100	1
320	100	1
326	100	1
327	100	1
331	100	1
335	100	1
356	100	1
407	100	1
412	100	1
422	100	1
441	100	1
450	100	1
453	100	1
463	100	1
465	100	1
498	100	1
525	100	1
539	100	1
544	100	1
545	100	1
546	100	1
547	100	1
548	100	1
560	100	1
127	101	1
139	101	1
140	101	1
301	101	1
306	101	1
308	101	1
453	101	1
546	101	1
560	101	1
104	102	1
107	102	1
108	102	1
109	102	1
110	102	1
119	102	1
120	102	1
125	102	1
129	102	1
132	102	1
137	102	1
139	102	1
140	102	1
188	102	1
193	102	1
210	102	1
237	102	1
242	102	1
263	102	1
280	102	1
289	102	1
291	102	1
298	102	1
301	102	1
302	102	1
304	102	1
306	102	1
307	102	1
308	102	1
309	102	1
319	102	1
320	102	1
326	102	1
356	102	1
369	102	1
394	102	1
417	102	1
441	102	1
443	102	1
450	102	1
453	102	1
463	102	1
469	102	1
481	102	1
501	102	1
543	102	1
544	102	1
545	102	1
546	102	1
547	102	1
548	102	1
558	102	1
560	102	1
104	103	1
109	103	1
110	103	1
119	103	1
120	103	1
121	103	1
127	103	1
180	103	1
186	103	1
242	103	1
301	103	1
302	103	1
306	103	1
316	103	1
375	103	1
419	103	1
443	103	1
493	103	1
494	103	1
497	103	1
518	103	1
548	103	1
107	104	1
109	104	1
110	104	1
119	104	1
120	104	1
121	104	1
125	104	1
127	104	1
129	104	1
132	104	1
135	104	1
136	104	1
137	104	1
139	104	1
140	104	1
188	104	1
193	104	1
242	104	1
255	104	1
256	104	1
268	104	1
274	104	1
277	104	1
278	104	1
298	104	1
301	104	1
302	104	1
304	104	1
316	104	1
320	104	1
326	104	1
327	104	1
340	104	1
356	104	1
375	104	1
394	104	1
398	104	1
407	104	1
412	104	1
417	104	1
422	104	1
450	104	1
463	104	1
464	104	1
469	104	1
474	104	1
481	104	1
493	104	1
494	104	1
497	104	1
498	104	1
526	104	1
539	104	1
544	104	1
545	104	1
547	104	1
548	104	1
552	104	1
557	104	1
558	104	1
559	104	1
560	104	1
118	105	1
124	105	1
135	105	1
139	105	1
152	105	1
165	105	1
242	105	1
256	105	1
279	105	1
298	105	1
301	105	1
304	105	1
316	105	1
327	105	1
331	105	1
335	105	1
349	105	1
356	105	1
478	105	1
526	105	1
548	105	1
560	105	1
107	106	1
108	106	1
109	106	1
120	106	1
127	106	1
132	106	1
135	106	1
139	106	1
140	106	1
188	106	1
193	106	1
255	106	1
263	106	1
277	106	1
289	106	1
291	106	1
302	106	1
305	106	1
308	106	1
316	106	1
318	106	1
320	106	1
332	106	1
335	106	1
463	106	1
493	106	1
524	106	1
544	106	1
545	106	1
546	106	1
548	106	1
560	106	1
108	107	1
109	107	1
110	107	1
119	107	1
120	107	1
121	107	1
124	107	1
127	107	1
129	107	1
132	107	1
139	107	1
140	107	1
180	107	1
186	107	1
188	107	1
193	107	1
237	107	1
242	107	1
263	107	1
278	107	1
280	107	1
291	107	1
298	107	1
301	107	1
302	107	1
304	107	1
307	107	1
308	107	1
309	107	1
316	107	1
318	107	1
319	107	1
320	107	1
326	107	1
331	107	1
335	107	1
340	107	1
356	107	1
369	107	1
376	107	1
394	107	1
417	107	1
419	107	1
441	107	1
443	107	1
450	107	1
453	107	1
463	107	1
469	107	1
480	107	1
481	107	1
494	107	1
497	107	1
501	107	1
526	107	1
539	107	1
543	107	1
544	107	1
545	107	1
546	107	1
547	107	1
548	107	1
552	107	1
557	107	1
560	107	1
109	108	1
119	108	1
120	108	1
121	108	1
124	108	1
127	108	1
129	108	1
132	108	1
139	108	1
140	108	1
186	108	1
188	108	1
237	108	1
242	108	1
263	108	1
277	108	1
291	108	1
298	108	1
301	108	1
302	108	1
304	108	1
307	108	1
308	108	1
309	108	1
316	108	1
318	108	1
320	108	1
326	108	1
340	108	1
369	108	1
376	108	1
412	108	1
441	108	1
450	108	1
459	108	1
463	108	1
494	108	1
497	108	1
501	108	1
513	108	1
518	108	1
524	108	1
539	108	1
543	108	1
544	108	1
546	108	1
547	108	1
548	108	1
557	108	1
560	108	1
110	109	1
118	109	1
119	109	1
121	109	1
127	109	1
132	109	1
135	109	1
136	109	1
137	109	1
165	109	1
237	109	1
242	109	1
255	109	1
256	109	1
268	109	1
274	109	1
277	109	1
302	109	1
309	109	1
316	109	1
320	109	1
340	109	1
355	109	1
375	109	1
394	109	1
398	109	1
412	109	1
419	109	1
422	109	1
430	109	1
439	109	1
443	109	1
463	109	1
464	109	1
469	109	1
474	109	1
493	109	1
494	109	1
495	109	1
496	109	1
497	109	1
498	109	1
518	109	1
526	109	1
546	109	1
547	109	1
548	109	1
552	109	1
557	109	1
559	109	1
119	110	1
120	110	1
121	110	1
124	110	1
129	110	1
132	110	1
135	110	1
136	110	1
137	110	1
139	110	1
140	110	1
186	110	1
242	110	1
255	110	1
256	110	1
268	110	1
274	110	1
277	110	1
291	110	1
301	110	1
302	110	1
307	110	1
308	110	1
309	110	1
320	110	1
326	110	1
327	110	1
340	110	1
356	110	1
369	110	1
394	110	1
412	110	1
419	110	1
443	110	1
450	110	1
463	110	1
464	110	1
469	110	1
474	110	1
478	110	1
481	110	1
493	110	1
494	110	1
497	110	1
498	110	1
513	110	1
523	110	1
525	110	1
526	110	1
539	110	1
545	110	1
546	110	1
547	110	1
548	110	1
552	110	1
557	110	1
559	110	1
113	112	1
114	112	1
115	112	1
116	112	1
117	112	1
122	112	1
123	112	1
126	112	1
133	112	1
134	112	1
138	112	1
142	112	1
143	112	1
187	112	1
281	112	1
282	112	1
283	112	1
284	112	1
285	112	1
288	112	1
292	112	1
293	112	1
294	112	1
295	112	1
296	112	1
297	112	1
299	112	1
303	112	1
310	112	1
311	112	1
312	112	1
314	112	1
315	112	1
317	112	1
321	112	1
322	112	1
323	112	1
344	112	1
352	112	1
358	112	1
359	112	1
367	112	1
374	112	1
385	112	1
388	112	1
413	112	1
421	112	1
444	112	1
447	112	1
470	112	1
483	112	1
492	112	1
522	112	1
536	112	1
115	113	1
138	113	1
281	113	1
283	113	1
367	113	1
535	113	1
115	114	1
344	114	1
117	115	1
133	115	1
134	115	1
143	115	1
187	115	1
281	115	1
283	115	1
288	115	1
290	115	1
292	115	1
294	115	1
296	115	1
297	115	1
299	115	1
303	115	1
312	115	1
314	115	1
315	115	1
317	115	1
321	115	1
344	115	1
358	115	1
367	115	1
370	115	1
374	115	1
421	115	1
447	115	1
483	115	1
522	115	1
117	116	1
122	116	1
134	116	1
142	116	1
283	116	1
288	116	1
295	116	1
296	116	1
299	116	1
311	116	1
315	116	1
359	116	1
370	116	1
413	116	1
447	116	1
483	116	1
536	116	1
122	117	1
133	117	1
134	117	1
142	117	1
281	117	1
283	117	1
285	117	1
292	117	1
293	117	1
294	117	1
295	117	1
296	117	1
297	117	1
299	117	1
303	117	1
310	117	1
311	117	1
312	117	1
315	117	1
317	117	1
358	117	1
367	117	1
370	117	1
413	117	1
444	117	1
447	117	1
522	117	1
536	117	1
119	118	1
124	118	1
127	118	1
129	118	1
132	118	1
139	118	1
152	118	1
165	118	1
180	118	1
186	118	1
230	118	1
231	118	1
236	118	1
255	118	1
256	118	1
280	118	1
289	118	1
298	118	1
301	118	1
302	118	1
304	118	1
308	118	1
316	118	1
318	118	1
327	118	1
331	118	1
332	118	1
335	118	1
342	118	1
356	118	1
369	118	1
394	118	1
478	118	1
480	118	1
525	118	1
526	118	1
539	118	1
546	118	1
547	118	1
548	118	1
558	118	1
560	118	1
120	119	1
121	119	1
124	119	1
125	119	1
127	119	1
129	119	1
132	119	1
137	119	1
139	119	1
140	119	1
152	119	1
165	119	1
180	119	1
188	119	1
193	119	1
237	119	1
242	119	1
263	119	1
272	119	1
278	119	1
289	119	1
291	119	1
298	119	1
301	119	1
302	119	1
304	119	1
305	119	1
306	119	1
307	119	1
308	119	1
309	119	1
316	119	1
318	119	1
319	119	1
320	119	1
332	119	1
340	119	1
356	119	1
376	119	1
398	119	1
441	119	1
453	119	1
463	119	1
464	119	1
469	119	1
493	119	1
494	119	1
526	119	1
543	119	1
544	119	1
545	119	1
546	119	1
547	119	1
552	119	1
558	119	1
560	119	1
121	120	1
127	120	1
132	120	1
140	120	1
180	120	1
188	120	1
193	120	1
212	120	1
242	120	1
263	120	1
268	120	1
277	120	1
278	120	1
280	120	1
291	120	1
301	120	1
302	120	1
304	120	1
306	120	1
307	120	1
308	120	1
309	120	1
316	120	1
318	120	1
319	120	1
320	120	1
326	120	1
331	120	1
335	120	1
340	120	1
356	120	1
369	120	1
417	120	1
419	120	1
453	120	1
459	120	1
463	120	1
464	120	1
469	120	1
478	120	1
480	120	1
481	120	1
494	120	1
497	120	1
539	120	1
543	120	1
544	120	1
545	120	1
547	120	1
557	120	1
558	120	1
560	120	1
129	121	1
132	121	1
135	121	1
136	121	1
137	121	1
139	121	1
140	121	1
180	121	1
242	121	1
255	121	1
256	121	1
268	121	1
274	121	1
277	121	1
302	121	1
306	121	1
316	121	1
320	121	1
327	121	1
375	121	1
398	121	1
407	121	1
412	121	1
419	121	1
422	121	1
450	121	1
464	121	1
474	121	1
493	121	1
494	121	1
495	121	1
496	121	1
497	121	1
498	121	1
518	121	1
525	121	1
526	121	1
547	121	1
548	121	1
552	121	1
557	121	1
142	122	1
283	122	1
293	122	1
295	122	1
296	122	1
303	122	1
311	122	1
315	122	1
321	122	1
358	122	1
359	122	1
367	122	1
444	122	1
447	122	1
536	122	1
281	123	1
317	123	1
352	123	1
388	123	1
132	124	1
165	124	1
180	124	1
291	124	1
298	124	1
302	124	1
307	124	1
308	124	1
309	124	1
340	124	1
356	124	1
478	124	1
513	124	1
543	124	1
127	125	1
129	125	1
132	125	1
140	125	1
263	125	1
301	125	1
302	125	1
316	125	1
318	125	1
326	125	1
481	125	1
494	125	1
444	126	1
470	126	1
132	127	1
135	127	1
137	127	1
139	127	1
140	127	1
152	127	1
188	127	1
193	127	1
237	127	1
242	127	1
263	127	1
280	127	1
289	127	1
291	127	1
298	127	1
301	127	1
302	127	1
304	127	1
306	127	1
307	127	1
308	127	1
309	127	1
316	127	1
318	127	1
319	127	1
320	127	1
326	127	1
335	127	1
340	127	1
356	127	1
369	127	1
376	127	1
417	127	1
441	127	1
453	127	1
463	127	1
469	127	1
481	127	1
494	127	1
497	127	1
501	127	1
524	127	1
539	127	1
543	127	1
544	127	1
545	127	1
546	127	1
547	127	1
558	127	1
560	127	1
147	128	1
154	128	1
175	128	1
184	128	1
190	128	1
197	128	1
209	128	1
241	128	1
246	128	1
247	128	1
273	128	1
277	128	1
278	128	1
498	128	1
132	129	1
135	129	1
140	129	1
188	129	1
237	129	1
242	129	1
263	129	1
268	129	1
277	129	1
278	129	1
289	129	1
291	129	1
298	129	1
301	129	1
302	129	1
304	129	1
307	129	1
308	129	1
309	129	1
316	129	1
318	129	1
319	129	1
320	129	1
327	129	1
331	129	1
340	129	1
356	129	1
369	129	1
412	129	1
419	129	1
441	129	1
450	129	1
453	129	1
459	129	1
463	129	1
464	129	1
469	129	1
478	129	1
480	129	1
481	129	1
497	129	1
498	129	1
518	129	1
543	129	1
544	129	1
546	129	1
547	129	1
548	129	1
557	129	1
560	129	1
183	130	1
318	130	1
467	130	1
531	130	1
353	131	1
475	131	1
135	132	1
139	132	1
140	132	1
188	132	1
193	132	1
242	132	1
263	132	1
268	132	1
291	132	1
298	132	1
301	132	1
302	132	1
304	132	1
307	132	1
308	132	1
309	132	1
316	132	1
318	132	1
319	132	1
320	132	1
326	132	1
331	132	1
340	132	1
342	132	1
349	132	1
356	132	1
369	132	1
376	132	1
394	132	1
407	132	1
412	132	1
417	132	1
419	132	1
439	132	1
441	132	1
450	132	1
459	132	1
463	132	1
465	132	1
469	132	1
474	132	1
478	132	1
481	132	1
494	132	1
497	132	1
498	132	1
501	132	1
524	132	1
526	132	1
539	132	1
543	132	1
544	132	1
545	132	1
546	132	1
547	132	1
548	132	1
552	132	1
557	132	1
558	132	1
560	132	1
134	133	1
143	133	1
187	133	1
281	133	1
282	133	1
283	133	1
288	133	1
290	133	1
292	133	1
294	133	1
297	133	1
299	133	1
303	133	1
310	133	1
312	133	1
314	133	1
315	133	1
317	133	1
358	133	1
367	133	1
370	133	1
374	133	1
413	133	1
421	133	1
447	133	1
470	133	1
142	134	1
143	134	1
184	134	1
187	134	1
281	134	1
282	134	1
283	134	1
290	134	1
292	134	1
294	134	1
297	134	1
299	134	1
303	134	1
311	134	1
312	134	1
314	134	1
315	134	1
317	134	1
352	134	1
358	134	1
359	134	1
367	134	1
385	134	1
421	134	1
136	135	1
137	135	1
139	135	1
255	135	1
256	135	1
268	135	1
274	135	1
277	135	1
278	135	1
280	135	1
301	135	1
302	135	1
304	135	1
316	135	1
318	135	1
320	135	1
327	135	1
335	135	1
340	135	1
349	135	1
355	135	1
383	135	1
398	135	1
407	135	1
412	135	1
419	135	1
430	135	1
464	135	1
478	135	1
493	135	1
494	135	1
496	135	1
497	135	1
498	135	1
518	135	1
525	135	1
526	135	1
548	135	1
557	135	1
559	135	1
560	135	1
186	136	1
277	136	1
302	136	1
407	136	1
481	136	1
525	136	1
526	136	1
546	136	1
548	136	1
559	136	1
139	137	1
165	137	1
188	137	1
193	137	1
255	137	1
256	137	1
302	137	1
316	137	1
327	137	1
335	137	1
375	137	1
383	137	1
398	137	1
419	137	1
422	137	1
464	137	1
493	137	1
494	137	1
496	137	1
498	137	1
518	137	1
525	137	1
526	137	1
548	137	1
559	137	1
560	137	1
281	138	1
283	138	1
140	139	1
152	139	1
165	139	1
180	139	1
186	139	1
188	139	1
236	139	1
242	139	1
256	139	1
263	139	1
277	139	1
278	139	1
291	139	1
298	139	1
301	139	1
302	139	1
304	139	1
305	139	1
306	139	1
308	139	1
309	139	1
318	139	1
320	139	1
326	139	1
331	139	1
332	139	1
335	139	1
342	139	1
349	139	1
356	139	1
376	139	1
383	139	1
407	139	1
412	139	1
441	139	1
459	139	1
463	139	1
464	139	1
465	139	1
478	139	1
480	139	1
481	139	1
493	139	1
497	139	1
518	139	1
526	139	1
539	139	1
543	139	1
544	139	1
545	139	1
546	139	1
547	139	1
548	139	1
560	139	1
165	140	1
180	140	1
188	140	1
193	140	1
196	140	1
225	140	1
237	140	1
242	140	1
263	140	1
278	140	1
291	140	1
298	140	1
301	140	1
302	140	1
304	140	1
306	140	1
307	140	1
308	140	1
309	140	1
316	140	1
319	140	1
320	140	1
326	140	1
332	140	1
340	140	1
356	140	1
369	140	1
376	140	1
394	140	1
412	140	1
417	140	1
441	140	1
453	140	1
459	140	1
463	140	1
464	140	1
469	140	1
481	140	1
494	140	1
497	140	1
539	140	1
544	140	1
545	140	1
546	140	1
547	140	1
548	140	1
552	140	1
557	140	1
558	140	1
475	141	1
482	141	1
283	142	1
288	142	1
293	142	1
294	142	1
295	142	1
296	142	1
299	142	1
303	142	1
311	142	1
312	142	1
315	142	1
358	142	1
359	142	1
367	142	1
370	142	1
385	142	1
413	142	1
444	142	1
447	142	1
483	142	1
522	142	1
536	142	1
187	143	1
281	143	1
282	143	1
283	143	1
290	143	1
292	143	1
294	143	1
297	143	1
299	143	1
303	143	1
312	143	1
314	143	1
315	143	1
317	143	1
352	143	1
358	143	1
367	143	1
370	143	1
374	143	1
421	143	1
447	143	1
483	143	1
147	145	1
148	145	1
151	145	1
160	145	1
161	145	1
164	145	1
179	145	1
184	145	1
190	145	1
222	145	1
273	145	1
147	146	1
148	146	1
149	146	1
150	146	1
151	146	1
152	146	1
155	146	1
158	146	1
159	146	1
160	146	1
161	146	1
162	146	1
163	146	1
165	146	1
167	146	1
168	146	1
169	146	1
173	146	1
175	146	1
178	146	1
179	146	1
184	146	1
185	146	1
189	146	1
190	146	1
198	146	1
206	146	1
209	146	1
210	146	1
216	146	1
222	146	1
223	146	1
238	146	1
240	146	1
252	146	1
254	146	1
257	146	1
258	146	1
261	146	1
265	146	1
277	146	1
278	146	1
332	146	1
351	146	1
373	146	1
389	146	1
398	146	1
416	146	1
425	146	1
433	146	1
455	146	1
457	146	1
471	146	1
480	146	1
494	146	1
149	147	1
150	147	1
151	147	1
157	147	1
158	147	1
162	147	1
163	147	1
164	147	1
165	147	1
167	147	1
168	147	1
169	147	1
173	147	1
175	147	1
176	147	1
179	147	1
184	147	1
185	147	1
187	147	1
190	147	1
193	147	1
209	147	1
213	147	1
240	147	1
245	147	1
247	147	1
249	147	1
250	147	1
261	147	1
269	147	1
277	147	1
499	147	1
553	147	1
554	147	1
149	148	1
151	148	1
152	148	1
164	148	1
165	148	1
167	148	1
168	148	1
174	148	1
178	148	1
179	148	1
184	148	1
190	148	1
191	148	1
205	148	1
226	148	1
494	148	1
152	149	1
160	149	1
163	149	1
165	149	1
168	149	1
173	149	1
177	149	1
178	149	1
179	149	1
180	149	1
181	149	1
184	149	1
185	149	1
187	149	1
190	149	1
191	149	1
198	149	1
202	149	1
205	149	1
208	149	1
209	149	1
213	149	1
214	149	1
228	149	1
234	149	1
238	149	1
258	149	1
419	149	1
457	149	1
494	149	1
511	149	1
166	150	1
168	150	1
169	150	1
171	150	1
173	150	1
174	150	1
175	150	1
177	150	1
185	150	1
192	150	1
196	150	1
200	150	1
240	150	1
265	150	1
275	150	1
346	150	1
449	150	1
153	151	1
160	151	1
163	151	1
172	151	1
173	151	1
184	151	1
185	151	1
187	151	1
234	151	1
239	151	1
158	152	1
164	152	1
165	152	1
180	152	1
182	152	1
183	152	1
186	152	1
193	152	1
230	152	1
231	152	1
236	152	1
278	152	1
280	152	1
289	152	1
298	152	1
302	152	1
308	152	1
316	152	1
319	152	1
326	152	1
332	152	1
356	152	1
436	152	1
463	152	1
480	152	1
494	152	1
157	153	1
160	153	1
161	153	1
173	153	1
184	153	1
185	153	1
213	153	1
217	153	1
240	153	1
253	153	1
346	153	1
419	153	1
171	154	1
174	154	1
175	154	1
179	154	1
187	154	1
197	154	1
239	154	1
271	154	1
277	154	1
278	154	1
159	155	1
161	155	1
168	155	1
169	155	1
175	155	1
179	155	1
192	155	1
216	155	1
222	155	1
267	155	1
159	156	1
166	156	1
177	156	1
180	156	1
195	156	1
233	156	1
158	157	1
160	157	1
161	157	1
162	157	1
163	157	1
164	157	1
167	157	1
173	157	1
179	157	1
184	157	1
187	157	1
195	157	1
203	157	1
207	157	1
211	157	1
220	157	1
223	157	1
233	157	1
234	157	1
239	157	1
240	157	1
324	157	1
416	157	1
159	158	1
162	158	1
163	158	1
164	158	1
167	158	1
168	158	1
173	158	1
184	158	1
185	158	1
187	158	1
192	158	1
194	158	1
196	158	1
197	158	1
209	158	1
210	158	1
278	158	1
457	158	1
550	158	1
161	159	1
165	159	1
166	159	1
168	159	1
170	159	1
175	159	1
177	159	1
178	159	1
180	159	1
182	159	1
195	159	1
197	159	1
204	159	1
210	159	1
211	159	1
230	159	1
233	159	1
238	159	1
277	159	1
278	159	1
360	159	1
415	159	1
162	160	1
165	160	1
173	160	1
179	160	1
190	160	1
198	160	1
205	160	1
209	160	1
213	160	1
239	160	1
259	160	1
265	160	1
351	160	1
494	160	1
164	161	1
170	161	1
175	161	1
179	161	1
192	161	1
194	161	1
199	161	1
209	161	1
210	161	1
213	161	1
236	161	1
255	161	1
259	161	1
262	161	1
264	161	1
324	161	1
339	161	1
471	161	1
164	162	1
165	162	1
173	162	1
179	162	1
184	162	1
187	162	1
190	162	1
193	162	1
211	162	1
234	162	1
244	162	1
246	162	1
269	162	1
277	162	1
278	162	1
351	162	1
393	162	1
457	162	1
458	162	1
493	162	1
502	162	1
504	162	1
550	162	1
554	162	1
164	163	1
168	163	1
173	163	1
184	163	1
185	163	1
187	163	1
190	163	1
205	163	1
209	163	1
210	163	1
213	163	1
231	163	1
234	163	1
240	163	1
252	163	1
256	163	1
261	163	1
277	163	1
457	163	1
460	163	1
554	163	1
165	164	1
168	164	1
170	164	1
172	164	1
173	164	1
176	164	1
179	164	1
184	164	1
185	164	1
189	164	1
194	164	1
196	164	1
201	164	1
209	164	1
210	164	1
213	164	1
221	164	1
224	164	1
226	164	1
233	164	1
234	164	1
236	164	1
240	164	1
254	164	1
259	164	1
262	164	1
264	164	1
268	164	1
270	164	1
397	164	1
457	164	1
471	164	1
504	164	1
512	164	1
554	164	1
173	165	1
175	165	1
176	165	1
177	165	1
179	165	1
184	165	1
186	165	1
188	165	1
190	165	1
192	165	1
193	165	1
209	165	1
210	165	1
211	165	1
224	165	1
225	165	1
226	165	1
230	165	1
234	165	1
242	165	1
255	165	1
256	165	1
269	165	1
277	165	1
278	165	1
280	165	1
289	165	1
298	165	1
301	165	1
302	165	1
316	165	1
327	165	1
332	165	1
349	165	1
351	165	1
356	165	1
369	165	1
394	165	1
398	165	1
412	165	1
439	165	1
457	165	1
458	165	1
478	165	1
493	165	1
494	165	1
497	165	1
502	165	1
504	165	1
525	165	1
526	165	1
547	165	1
548	165	1
550	165	1
560	165	1
200	166	1
217	166	1
275	166	1
346	166	1
168	167	1
173	167	1
184	167	1
185	167	1
187	167	1
192	167	1
210	167	1
217	167	1
249	167	1
261	167	1
275	167	1
173	168	1
177	168	1
184	168	1
185	168	1
187	168	1
192	168	1
204	168	1
209	168	1
216	168	1
217	168	1
234	168	1
240	168	1
249	168	1
270	168	1
277	168	1
278	168	1
395	168	1
457	168	1
494	168	1
504	168	1
192	169	1
198	169	1
200	169	1
205	169	1
208	169	1
222	169	1
240	169	1
245	169	1
260	169	1
261	169	1
265	169	1
277	169	1
278	169	1
339	169	1
373	169	1
404	169	1
416	169	1
425	169	1
449	169	1
514	169	1
516	169	1
550	169	1
177	170	1
179	170	1
194	170	1
199	170	1
230	170	1
236	170	1
239	170	1
252	170	1
262	170	1
273	170	1
277	170	1
278	170	1
324	170	1
339	170	1
471	170	1
174	171	1
175	171	1
211	171	1
239	171	1
271	171	1
173	172	1
176	172	1
214	172	1
234	172	1
236	172	1
436	172	1
554	172	1
175	173	1
176	173	1
181	173	1
184	173	1
185	173	1
187	173	1
190	173	1
192	173	1
208	173	1
209	173	1
211	173	1
213	173	1
217	173	1
218	173	1
234	173	1
240	173	1
246	173	1
261	173	1
269	173	1
277	173	1
278	173	1
351	173	1
457	173	1
502	173	1
504	173	1
554	173	1
175	174	1
179	174	1
193	174	1
208	174	1
211	174	1
218	174	1
226	174	1
239	174	1
249	174	1
264	174	1
271	174	1
277	174	1
278	174	1
416	174	1
176	175	1
179	175	1
180	175	1
184	175	1
187	175	1
190	175	1
191	175	1
197	175	1
198	175	1
203	175	1
209	175	1
211	175	1
223	175	1
227	175	1
230	175	1
239	175	1
241	175	1
245	175	1
247	175	1
248	175	1
252	175	1
258	175	1
259	175	1
264	175	1
266	175	1
270	175	1
271	175	1
273	175	1
277	175	1
278	175	1
351	175	1
373	175	1
392	175	1
416	175	1
419	175	1
420	175	1
434	175	1
437	175	1
460	175	1
471	175	1
494	175	1
498	175	1
499	175	1
503	175	1
510	175	1
550	175	1
554	175	1
209	176	1
214	176	1
230	176	1
234	176	1
236	176	1
333	176	1
554	176	1
180	177	1
192	177	1
195	177	1
204	177	1
209	177	1
213	177	1
224	177	1
233	177	1
238	177	1
250	177	1
360	177	1
415	177	1
179	178	1
185	178	1
190	178	1
197	178	1
202	178	1
230	178	1
255	178	1
190	179	1
193	179	1
198	179	1
204	179	1
209	179	1
216	179	1
223	179	1
226	179	1
240	179	1
247	179	1
248	179	1
258	179	1
259	179	1
261	179	1
266	179	1
273	179	1
275	179	1
277	179	1
278	179	1
302	179	1
373	179	1
425	179	1
457	179	1
471	179	1
494	179	1
499	179	1
554	179	1
184	180	1
186	180	1
188	180	1
191	180	1
192	180	1
193	180	1
195	180	1
197	180	1
198	180	1
204	180	1
209	180	1
222	180	1
230	180	1
233	180	1
242	180	1
248	180	1
250	180	1
255	180	1
273	180	1
277	180	1
278	180	1
280	180	1
289	180	1
298	180	1
301	180	1
302	180	1
308	180	1
332	180	1
340	180	1
342	180	1
356	180	1
376	180	1
394	180	1
404	180	1
415	180	1
439	180	1
494	180	1
547	180	1
183	181	1
286	181	1
300	181	1
302	181	1
328	181	1
334	181	1
345	181	1
366	181	1
436	181	1
441	181	1
461	181	1
467	181	1
491	181	1
506	181	1
507	181	1
530	181	1
531	181	1
541	181	1
555	181	1
183	182	1
211	182	1
230	182	1
236	182	1
266	182	1
333	182	1
356	182	1
436	182	1
499	182	1
211	183	1
236	183	1
286	183	1
300	183	1
318	183	1
328	183	1
333	183	1
334	183	1
366	183	1
395	183	1
436	183	1
461	183	1
467	183	1
491	183	1
495	183	1
506	183	1
507	183	1
530	183	1
531	183	1
541	183	1
555	183	1
185	184	1
187	184	1
188	184	1
190	184	1
192	184	1
197	184	1
211	184	1
213	184	1
217	184	1
218	184	1
229	184	1
234	184	1
240	184	1
246	184	1
269	184	1
275	184	1
277	184	1
278	184	1
318	184	1
346	184	1
351	184	1
404	184	1
415	184	1
420	184	1
439	184	1
457	184	1
495	184	1
504	184	1
554	184	1
187	185	1
190	185	1
205	185	1
213	185	1
234	185	1
346	185	1
460	185	1
237	186	1
242	186	1
289	186	1
298	186	1
301	186	1
320	186	1
326	186	1
330	186	1
332	186	1
340	186	1
349	186	1
394	186	1
453	186	1
463	186	1
469	186	1
480	186	1
525	186	1
548	186	1
559	186	1
188	187	1
190	187	1
213	187	1
234	187	1
239	187	1
261	187	1
281	187	1
282	187	1
283	187	1
290	187	1
292	187	1
294	187	1
297	187	1
299	187	1
303	187	1
310	187	1
312	187	1
314	187	1
315	187	1
317	187	1
318	187	1
358	187	1
367	187	1
370	187	1
374	187	1
421	187	1
447	187	1
483	187	1
193	188	1
196	188	1
211	188	1
233	188	1
236	188	1
237	188	1
242	188	1
246	188	1
263	188	1
277	188	1
278	188	1
280	188	1
291	188	1
298	188	1
301	188	1
302	188	1
304	188	1
306	188	1
307	188	1
308	188	1
309	188	1
316	188	1
318	188	1
319	188	1
320	188	1
326	188	1
332	188	1
335	188	1
340	188	1
369	188	1
450	188	1
453	188	1
457	188	1
459	188	1
463	188	1
478	188	1
493	188	1
494	188	1
497	188	1
539	188	1
544	188	1
545	188	1
546	188	1
547	188	1
548	188	1
560	188	1
194	189	1
215	189	1
219	189	1
220	189	1
221	189	1
222	189	1
224	189	1
226	189	1
229	189	1
278	189	1
416	189	1
191	190	1
194	190	1
197	190	1
199	190	1
200	190	1
204	190	1
205	190	1
208	190	1
209	190	1
211	190	1
227	190	1
234	190	1
240	190	1
241	190	1
246	190	1
247	190	1
252	190	1
258	190	1
259	190	1
269	190	1
275	190	1
277	190	1
346	190	1
351	190	1
393	190	1
404	190	1
416	190	1
419	190	1
434	190	1
457	190	1
468	190	1
494	190	1
499	190	1
502	190	1
504	190	1
554	190	1
192	191	1
197	191	1
199	191	1
200	191	1
203	191	1
237	191	1
244	191	1
250	191	1
462	191	1
484	191	1
494	191	1
510	191	1
195	192	1
196	192	1
197	192	1
201	192	1
204	192	1
205	192	1
208	192	1
210	192	1
216	192	1
222	192	1
240	192	1
245	192	1
261	192	1
300	192	1
436	192	1
460	192	1
516	192	1
209	193	1
230	193	1
242	193	1
255	193	1
259	193	1
263	193	1
277	193	1
278	193	1
280	193	1
291	193	1
298	193	1
301	193	1
302	193	1
308	193	1
309	193	1
316	193	1
318	193	1
319	193	1
326	193	1
332	193	1
335	193	1
340	193	1
417	193	1
453	193	1
463	193	1
493	193	1
494	193	1
497	193	1
498	193	1
524	193	1
539	193	1
544	193	1
545	193	1
546	193	1
204	194	1
210	194	1
222	194	1
236	194	1
252	194	1
253	194	1
262	194	1
264	194	1
280	194	1
324	194	1
339	194	1
420	194	1
462	194	1
471	194	1
197	195	1
204	195	1
205	195	1
208	195	1
211	195	1
214	195	1
233	195	1
242	195	1
245	195	1
250	195	1
266	195	1
300	195	1
360	195	1
363	195	1
404	195	1
415	195	1
428	195	1
512	195	1
516	195	1
223	196	1
233	196	1
239	196	1
244	196	1
263	196	1
280	196	1
416	196	1
494	196	1
199	197	1
204	197	1
205	197	1
208	197	1
209	197	1
210	197	1
211	197	1
225	197	1
227	197	1
234	197	1
242	197	1
245	197	1
263	197	1
300	197	1
393	197	1
404	197	1
416	197	1
436	197	1
457	197	1
494	197	1
508	197	1
510	197	1
514	197	1
516	197	1
202	198	1
216	198	1
222	198	1
223	198	1
240	198	1
247	198	1
254	198	1
257	198	1
265	198	1
277	198	1
278	198	1
302	198	1
339	198	1
373	198	1
416	198	1
425	198	1
433	198	1
449	198	1
471	198	1
494	198	1
499	198	1
200	199	1
204	199	1
209	199	1
210	199	1
215	199	1
222	199	1
223	199	1
225	199	1
236	199	1
254	199	1
264	199	1
272	199	1
404	199	1
457	199	1
462	199	1
204	200	1
205	200	1
217	200	1
222	200	1
233	200	1
244	200	1
275	200	1
346	200	1
504	200	1
508	201	1
210	202	1
218	203	1
223	203	1
239	203	1
249	203	1
250	203	1
254	203	1
416	203	1
462	203	1
550	203	1
208	204	1
210	204	1
214	204	1
215	204	1
217	204	1
225	204	1
226	204	1
233	204	1
237	204	1
242	204	1
247	204	1
253	204	1
415	204	1
494	204	1
516	204	1
208	205	1
209	205	1
210	205	1
213	205	1
223	205	1
226	205	1
235	205	1
241	205	1
245	205	1
260	205	1
261	205	1
265	205	1
277	205	1
278	205	1
300	205	1
345	205	1
404	205	1
420	205	1
449	205	1
458	205	1
514	205	1
516	205	1
239	207	1
260	207	1
261	207	1
277	207	1
278	207	1
209	208	1
210	208	1
214	208	1
222	208	1
226	208	1
245	208	1
277	208	1
278	208	1
300	208	1
404	208	1
436	208	1
449	208	1
214	209	1
216	209	1
223	209	1
226	209	1
227	209	1
230	209	1
247	209	1
259	209	1
269	209	1
273	209	1
276	209	1
277	209	1
278	209	1
279	209	1
332	209	1
345	209	1
351	209	1
373	209	1
425	209	1
457	209	1
484	209	1
494	209	1
497	209	1
498	209	1
499	209	1
502	209	1
504	209	1
510	209	1
554	209	1
211	210	1
214	210	1
215	210	1
225	210	1
237	210	1
242	210	1
245	210	1
251	210	1
262	210	1
263	210	1
266	210	1
277	210	1
278	210	1
300	210	1
304	210	1
356	210	1
404	210	1
416	210	1
436	210	1
449	210	1
457	210	1
460	210	1
516	210	1
239	211	1
256	211	1
269	211	1
277	211	1
328	211	1
336	211	1
346	211	1
351	211	1
457	211	1
458	211	1
504	211	1
509	211	1
242	212	1
254	212	1
255	212	1
256	212	1
257	212	1
273	212	1
277	212	1
278	212	1
304	212	1
306	212	1
316	212	1
331	212	1
340	212	1
351	212	1
398	212	1
544	212	1
550	212	1
219	213	1
220	213	1
221	213	1
224	213	1
226	213	1
270	213	1
272	213	1
276	213	1
277	213	1
484	213	1
216	214	1
223	214	1
226	214	1
229	214	1
259	214	1
277	214	1
278	214	1
345	214	1
356	214	1
416	214	1
460	214	1
225	215	1
263	215	1
494	215	1
222	216	1
225	216	1
229	216	1
233	216	1
235	216	1
239	216	1
244	216	1
249	216	1
254	216	1
257	216	1
265	216	1
273	216	1
277	216	1
278	216	1
324	216	1
416	216	1
425	216	1
433	216	1
471	216	1
550	216	1
275	217	1
336	217	1
494	217	1
549	217	1
223	218	1
234	218	1
239	218	1
244	218	1
249	218	1
250	218	1
254	218	1
259	218	1
277	218	1
346	218	1
416	218	1
462	218	1
514	218	1
550	218	1
220	219	1
221	219	1
224	219	1
276	219	1
457	219	1
221	220	1
224	220	1
276	220	1
224	221	1
236	221	1
276	221	1
233	222	1
240	222	1
257	222	1
264	222	1
272	222	1
278	222	1
373	222	1
393	222	1
416	222	1
425	222	1
433	222	1
550	222	1
226	223	1
232	223	1
239	223	1
246	223	1
247	223	1
248	223	1
249	223	1
254	223	1
259	223	1
264	223	1
277	223	1
278	223	1
351	223	1
416	223	1
499	223	1
550	223	1
236	224	1
276	224	1
226	225	1
229	225	1
237	225	1
241	225	1
242	225	1
272	225	1
273	225	1
278	225	1
453	225	1
462	225	1
229	226	1
232	226	1
235	226	1
242	226	1
247	226	1
276	226	1
277	226	1
346	226	1
462	227	1
278	229	1
324	229	1
416	229	1
231	230	1
255	230	1
277	230	1
278	230	1
279	230	1
289	230	1
302	230	1
493	230	1
494	230	1
539	230	1
238	231	1
271	231	1
277	231	1
280	231	1
289	231	1
298	231	1
301	231	1
342	231	1
464	231	1
478	231	1
547	231	1
235	232	1
239	232	1
249	232	1
254	232	1
416	232	1
433	232	1
550	232	1
236	233	1
238	233	1
243	233	1
360	233	1
404	233	1
415	233	1
516	233	1
550	233	1
236	234	1
240	234	1
277	234	1
436	234	1
457	234	1
462	234	1
554	234	1
240	236	1
262	236	1
272	236	1
277	236	1
280	236	1
289	236	1
301	236	1
318	236	1
324	236	1
330	236	1
333	236	1
339	236	1
342	236	1
356	236	1
360	236	1
387	236	1
417	236	1
462	236	1
469	236	1
471	236	1
478	236	1
543	236	1
554	236	1
560	236	1
242	237	1
255	237	1
256	237	1
263	237	1
298	237	1
302	237	1
326	237	1
332	237	1
340	237	1
356	237	1
369	237	1
398	237	1
439	237	1
441	237	1
453	237	1
459	237	1
463	237	1
469	237	1
480	237	1
481	237	1
494	237	1
501	237	1
516	237	1
543	237	1
545	237	1
547	237	1
552	237	1
557	237	1
558	237	1
560	237	1
250	238	1
400	238	1
448	238	1
510	238	1
246	239	1
249	239	1
254	239	1
257	239	1
261	239	1
265	239	1
268	239	1
271	239	1
272	239	1
273	239	1
277	239	1
278	239	1
332	239	1
346	239	1
351	239	1
416	239	1
437	239	1
439	239	1
446	239	1
457	239	1
484	239	1
494	239	1
510	239	1
550	239	1
245	240	1
255	240	1
277	240	1
336	240	1
346	240	1
397	240	1
402	240	1
425	240	1
462	240	1
505	240	1
247	241	1
260	241	1
333	241	1
404	241	1
462	241	1
494	241	1
263	242	1
277	242	1
278	242	1
289	242	1
291	242	1
298	242	1
301	242	1
302	242	1
304	242	1
307	242	1
309	242	1
316	242	1
319	242	1
320	242	1
326	242	1
332	242	1
335	242	1
340	242	1
356	242	1
369	242	1
375	242	1
394	242	1
407	242	1
417	242	1
419	242	1
441	242	1
453	242	1
459	242	1
463	242	1
469	242	1
478	242	1
480	242	1
481	242	1
494	242	1
501	242	1
539	242	1
543	242	1
544	242	1
545	242	1
546	242	1
547	242	1
548	242	1
552	242	1
557	242	1
560	242	1
250	244	1
258	244	1
269	244	1
274	244	1
425	244	1
446	244	1
494	244	1
504	244	1
510	244	1
251	245	1
257	245	1
259	245	1
260	245	1
261	245	1
265	245	1
266	245	1
272	245	1
277	245	1
278	245	1
300	245	1
339	245	1
404	245	1
428	245	1
449	245	1
499	245	1
514	245	1
516	245	1
517	245	1
249	246	1
277	246	1
278	246	1
340	246	1
419	246	1
457	246	1
484	246	1
510	246	1
539	246	1
553	246	1
248	247	1
250	247	1
257	247	1
258	247	1
259	247	1
262	247	1
266	247	1
270	247	1
273	247	1
277	247	1
278	247	1
351	247	1
373	247	1
434	247	1
457	247	1
494	247	1
498	247	1
499	247	1
504	247	1
516	247	1
249	248	1
252	248	1
261	248	1
264	248	1
266	248	1
269	248	1
277	248	1
278	248	1
351	248	1
499	248	1
254	249	1
259	249	1
270	249	1
277	249	1
278	249	1
397	249	1
416	249	1
419	249	1
550	249	1
257	250	1
269	250	1
277	250	1
278	250	1
404	250	1
446	250	1
252	251	1
258	251	1
260	251	1
261	251	1
264	251	1
272	251	1
277	251	1
345	251	1
404	251	1
419	251	1
449	251	1
460	251	1
514	251	1
254	252	1
255	252	1
259	252	1
265	252	1
272	252	1
275	252	1
277	252	1
278	252	1
345	252	1
351	252	1
397	252	1
419	252	1
439	252	1
457	252	1
458	252	1
462	252	1
499	252	1
508	252	1
511	252	1
264	253	1
275	253	1
277	253	1
278	253	1
336	253	1
346	253	1
462	253	1
255	254	1
257	254	1
258	254	1
270	254	1
277	254	1
278	254	1
351	254	1
416	254	1
420	254	1
425	254	1
457	254	1
462	254	1
502	254	1
504	254	1
550	254	1
256	255	1
268	255	1
277	255	1
278	255	1
302	255	1
327	255	1
331	255	1
332	255	1
335	255	1
339	255	1
398	255	1
404	255	1
407	255	1
415	255	1
419	255	1
420	255	1
439	255	1
464	255	1
471	255	1
493	255	1
494	255	1
497	255	1
516	255	1
525	255	1
526	255	1
539	255	1
548	255	1
559	255	1
258	256	1
259	256	1
262	256	1
268	256	1
269	256	1
274	256	1
277	256	1
278	256	1
304	256	1
318	256	1
327	256	1
331	256	1
335	256	1
355	256	1
375	256	1
376	256	1
393	256	1
394	256	1
398	256	1
407	256	1
412	256	1
419	256	1
420	256	1
430	256	1
441	256	1
443	256	1
464	256	1
465	256	1
474	256	1
493	256	1
494	256	1
495	256	1
496	256	1
497	256	1
498	256	1
525	256	1
526	256	1
539	256	1
548	256	1
559	256	1
560	256	1
260	257	1
265	257	1
273	257	1
277	257	1
278	257	1
332	257	1
351	257	1
373	257	1
425	257	1
494	257	1
503	257	1
259	258	1
264	258	1
270	258	1
275	258	1
278	258	1
339	258	1
425	258	1
434	258	1
494	258	1
499	258	1
504	258	1
508	258	1
550	258	1
262	259	1
266	259	1
267	259	1
270	259	1
272	259	1
277	259	1
278	259	1
339	259	1
458	259	1
499	259	1
261	260	1
265	260	1
267	260	1
270	260	1
275	260	1
277	260	1
278	260	1
339	260	1
404	260	1
428	260	1
449	260	1
458	260	1
460	260	1
499	260	1
503	260	1
514	260	1
516	260	1
553	260	1
265	261	1
269	261	1
272	261	1
275	261	1
277	261	1
278	261	1
336	261	1
339	261	1
346	261	1
404	261	1
428	261	1
449	261	1
457	261	1
460	261	1
499	261	1
503	261	1
514	261	1
516	261	1
553	261	1
267	262	1
272	262	1
324	262	1
339	262	1
471	262	1
278	263	1
280	263	1
289	263	1
291	263	1
301	263	1
302	263	1
304	263	1
306	263	1
307	263	1
308	263	1
309	263	1
316	263	1
318	263	1
319	263	1
320	263	1
326	263	1
332	263	1
340	263	1
356	263	1
369	263	1
376	263	1
417	263	1
441	263	1
446	263	1
450	263	1
453	263	1
459	263	1
463	263	1
469	263	1
478	263	1
501	263	1
524	263	1
526	263	1
539	263	1
543	263	1
544	263	1
545	263	1
546	263	1
547	263	1
548	263	1
558	263	1
560	263	1
270	264	1
272	264	1
273	264	1
278	264	1
363	264	1
400	264	1
434	264	1
494	264	1
511	264	1
550	264	1
269	265	1
278	265	1
339	265	1
404	265	1
419	265	1
425	265	1
433	265	1
449	265	1
455	265	1
457	265	1
499	265	1
508	265	1
514	265	1
516	265	1
550	265	1
270	266	1
273	266	1
275	266	1
277	266	1
351	266	1
393	266	1
404	266	1
428	266	1
458	266	1
460	266	1
462	266	1
494	266	1
498	266	1
499	266	1
277	267	1
278	267	1
345	267	1
277	268	1
278	268	1
302	268	1
308	268	1
320	268	1
327	268	1
375	268	1
394	268	1
398	268	1
412	268	1
457	268	1
464	268	1
494	268	1
497	268	1
498	268	1
504	268	1
509	268	1
526	268	1
545	268	1
548	268	1
552	268	1
557	268	1
273	269	1
277	269	1
336	269	1
346	269	1
351	269	1
433	269	1
462	269	1
468	269	1
494	269	1
502	269	1
504	269	1
272	270	1
273	270	1
275	270	1
276	270	1
277	270	1
278	270	1
428	270	1
462	270	1
494	270	1
499	270	1
511	270	1
277	272	1
449	272	1
460	272	1
462	272	1
494	272	1
526	272	1
550	272	1
278	273	1
280	273	1
336	273	1
345	273	1
351	273	1
393	273	1
419	273	1
420	273	1
425	273	1
434	273	1
437	273	1
457	273	1
484	273	1
502	273	1
504	273	1
505	273	1
509	273	1
550	273	1
553	273	1
318	274	1
320	274	1
327	274	1
332	274	1
398	274	1
407	274	1
419	274	1
460	274	1
464	274	1
474	274	1
478	274	1
480	274	1
493	274	1
494	274	1
497	274	1
526	274	1
543	274	1
547	274	1
548	274	1
557	274	1
277	275	1
278	275	1
336	275	1
346	275	1
351	275	1
404	275	1
420	275	1
425	275	1
439	275	1
508	275	1
511	275	1
549	275	1
336	276	1
494	276	1
278	277	1
280	277	1
298	277	1
301	277	1
302	277	1
306	277	1
308	277	1
316	277	1
318	277	1
319	277	1
320	277	1
327	277	1
331	277	1
332	277	1
335	277	1
336	277	1
339	277	1
346	277	1
349	277	1
351	277	1
354	277	1
355	277	1
356	277	1
363	277	1
373	277	1
383	277	1
393	277	1
394	277	1
398	277	1
404	277	1
412	277	1
419	277	1
420	277	1
422	277	1
425	277	1
428	277	1
430	277	1
437	277	1
439	277	1
443	277	1
449	277	1
457	277	1
458	277	1
460	277	1
463	277	1
464	277	1
471	277	1
480	277	1
489	277	1
493	277	1
494	277	1
496	277	1
497	277	1
498	277	1
499	277	1
502	277	1
508	277	1
511	277	1
514	277	1
518	277	1
526	277	1
539	277	1
544	277	1
547	277	1
548	277	1
549	277	1
550	277	1
553	277	1
557	277	1
559	277	1
560	277	1
291	278	1
298	278	1
301	278	1
302	278	1
304	278	1
306	278	1
308	278	1
316	278	1
318	278	1
320	278	1
326	278	1
331	278	1
332	278	1
335	278	1
346	278	1
351	278	1
354	278	1
369	278	1
373	278	1
389	278	1
393	278	1
394	278	1
398	278	1
404	278	1
412	278	1
416	278	1
417	278	1
419	278	1
420	278	1
425	278	1
430	278	1
441	278	1
457	278	1
458	278	1
463	278	1
471	278	1
484	278	1
493	278	1
494	278	1
497	278	1
498	278	1
499	278	1
526	278	1
539	278	1
544	278	1
545	278	1
553	278	1
560	278	1
398	279	1
412	279	1
518	279	1
539	279	1
289	280	1
298	280	1
302	280	1
316	280	1
326	280	1
332	280	1
342	280	1
369	280	1
453	280	1
463	280	1
480	280	1
493	280	1
494	280	1
547	280	1
283	281	1
284	281	1
285	281	1
290	281	1
292	281	1
294	281	1
297	281	1
299	281	1
311	281	1
312	281	1
315	281	1
317	281	1
352	281	1
367	281	1
388	281	1
421	281	1
283	282	1
284	282	1
288	282	1
290	282	1
294	282	1
296	282	1
299	282	1
303	282	1
310	282	1
311	282	1
312	282	1
314	282	1
315	282	1
317	282	1
321	282	1
322	282	1
341	282	1
358	282	1
359	282	1
370	282	1
374	282	1
421	282	1
444	282	1
447	282	1
470	282	1
483	282	1
522	282	1
285	283	1
290	283	1
292	283	1
293	283	1
294	283	1
295	283	1
296	283	1
297	283	1
299	283	1
303	283	1
310	283	1
311	283	1
312	283	1
314	283	1
315	283	1
317	283	1
352	283	1
358	283	1
359	283	1
367	283	1
370	283	1
374	283	1
385	283	1
413	283	1
421	283	1
444	283	1
447	283	1
483	283	1
536	283	1
288	284	1
296	284	1
310	284	1
321	284	1
322	284	1
374	284	1
444	284	1
352	285	1
367	285	1
444	285	1
328	286	1
334	286	1
436	286	1
461	286	1
491	286	1
507	286	1
530	286	1
531	286	1
541	286	1
495	287	1
294	288	1
296	288	1
299	288	1
303	288	1
310	288	1
315	288	1
321	288	1
322	288	1
323	288	1
358	288	1
359	288	1
370	288	1
374	288	1
413	288	1
444	288	1
447	288	1
470	288	1
483	288	1
486	288	1
522	288	1
298	289	1
302	289	1
308	289	1
316	289	1
318	289	1
319	289	1
326	289	1
340	289	1
356	289	1
369	289	1
394	289	1
463	289	1
464	289	1
469	289	1
478	289	1
480	289	1
546	289	1
547	289	1
560	289	1
292	290	1
294	290	1
297	290	1
299	290	1
303	290	1
312	290	1
314	290	1
315	290	1
317	290	1
370	290	1
421	290	1
447	290	1
456	290	1
522	290	1
301	291	1
302	291	1
304	291	1
306	291	1
307	291	1
308	291	1
309	291	1
316	291	1
318	291	1
319	291	1
320	291	1
326	291	1
335	291	1
340	291	1
369	291	1
419	291	1
453	291	1
463	291	1
469	291	1
494	291	1
501	291	1
539	291	1
543	291	1
545	291	1
547	291	1
548	291	1
558	291	1
560	291	1
293	292	1
294	292	1
295	292	1
296	292	1
297	292	1
299	292	1
303	292	1
312	292	1
314	292	1
315	292	1
317	292	1
352	292	1
358	292	1
367	292	1
370	292	1
388	292	1
421	292	1
447	292	1
483	292	1
294	293	1
295	293	1
297	293	1
303	293	1
311	293	1
358	293	1
367	293	1
385	293	1
444	293	1
447	293	1
536	293	1
295	294	1
296	294	1
297	294	1
299	294	1
303	294	1
311	294	1
312	294	1
314	294	1
315	294	1
317	294	1
358	294	1
359	294	1
367	294	1
370	294	1
385	294	1
413	294	1
421	294	1
444	294	1
447	294	1
522	294	1
536	294	1
296	295	1
297	295	1
303	295	1
311	295	1
315	295	1
358	295	1
359	295	1
367	295	1
370	295	1
385	295	1
413	295	1
444	295	1
447	295	1
536	295	1
299	296	1
303	296	1
311	296	1
315	296	1
321	296	1
322	296	1
323	296	1
325	296	1
358	296	1
359	296	1
370	296	1
374	296	1
413	296	1
444	296	1
447	296	1
470	296	1
522	296	1
536	296	1
299	297	1
303	297	1
312	297	1
314	297	1
315	297	1
317	297	1
358	297	1
367	297	1
370	297	1
374	297	1
413	297	1
421	297	1
447	297	1
301	298	1
302	298	1
304	298	1
308	298	1
316	298	1
318	298	1
320	298	1
326	298	1
332	298	1
340	298	1
349	298	1
356	298	1
394	298	1
417	298	1
463	298	1
464	298	1
469	298	1
478	298	1
480	298	1
493	298	1
494	298	1
497	298	1
544	298	1
547	298	1
559	298	1
303	299	1
311	299	1
312	299	1
314	299	1
315	299	1
317	299	1
321	299	1
358	299	1
359	299	1
367	299	1
370	299	1
385	299	1
406	299	1
413	299	1
421	299	1
447	299	1
483	299	1
522	299	1
395	300	1
404	300	1
436	300	1
302	301	1
304	301	1
306	301	1
307	301	1
308	301	1
309	301	1
316	301	1
318	301	1
319	301	1
320	301	1
332	301	1
335	301	1
340	301	1
349	301	1
356	301	1
369	301	1
394	301	1
407	301	1
412	301	1
417	301	1
441	301	1
453	301	1
459	301	1
463	301	1
464	301	1
493	301	1
497	301	1
501	301	1
524	301	1
526	301	1
539	301	1
543	301	1
544	301	1
545	301	1
546	301	1
547	301	1
557	301	1
558	301	1
560	301	1
304	302	1
305	302	1
306	302	1
307	302	1
308	302	1
309	302	1
316	302	1
318	302	1
319	302	1
320	302	1
326	302	1
331	302	1
332	302	1
335	302	1
340	302	1
349	302	1
356	302	1
375	302	1
376	302	1
394	302	1
398	302	1
412	302	1
417	302	1
419	302	1
422	302	1
441	302	1
443	302	1
450	302	1
453	302	1
459	302	1
463	302	1
464	302	1
469	302	1
478	302	1
481	302	1
493	302	1
494	302	1
497	302	1
498	302	1
518	302	1
525	302	1
539	302	1
543	302	1
544	302	1
545	302	1
546	302	1
547	302	1
548	302	1
552	302	1
557	302	1
558	302	1
559	302	1
560	302	1
312	303	1
314	303	1
315	303	1
317	303	1
352	303	1
358	303	1
367	303	1
370	303	1
374	303	1
385	303	1
421	303	1
444	303	1
447	303	1
483	303	1
536	303	1
305	304	1
306	304	1
307	304	1
308	304	1
309	304	1
316	304	1
318	304	1
319	304	1
320	304	1
326	304	1
327	304	1
331	304	1
335	304	1
340	304	1
356	304	1
394	304	1
412	304	1
441	304	1
453	304	1
463	304	1
464	304	1
469	304	1
497	304	1
524	304	1
539	304	1
543	304	1
544	304	1
545	304	1
546	304	1
547	304	1
548	304	1
560	304	1
318	305	1
524	305	1
539	305	1
560	305	1
309	306	1
316	306	1
318	306	1
319	306	1
326	306	1
340	306	1
354	306	1
355	306	1
417	306	1
441	306	1
453	306	1
463	306	1
469	306	1
494	306	1
497	306	1
498	306	1
501	306	1
524	306	1
539	306	1
544	306	1
545	306	1
546	306	1
308	307	1
309	307	1
319	307	1
320	307	1
326	307	1
335	307	1
340	307	1
369	307	1
394	307	1
453	307	1
463	307	1
469	307	1
501	307	1
524	307	1
539	307	1
543	307	1
545	307	1
546	307	1
547	307	1
309	308	1
316	308	1
319	308	1
320	308	1
326	308	1
335	308	1
340	308	1
369	308	1
375	308	1
417	308	1
419	308	1
450	308	1
453	308	1
463	308	1
469	308	1
478	308	1
481	308	1
493	308	1
494	308	1
498	308	1
501	308	1
513	308	1
524	308	1
526	308	1
539	308	1
543	308	1
544	308	1
545	308	1
546	308	1
547	308	1
548	308	1
552	308	1
558	308	1
560	308	1
316	309	1
319	309	1
320	309	1
340	309	1
349	309	1
376	309	1
394	309	1
439	309	1
450	309	1
463	309	1
478	309	1
501	309	1
524	309	1
539	309	1
543	309	1
544	309	1
545	309	1
546	309	1
547	309	1
548	309	1
557	309	1
560	309	1
314	310	1
315	310	1
317	310	1
321	310	1
323	310	1
370	310	1
374	310	1
421	310	1
470	310	1
522	310	1
527	310	1
534	310	1
312	311	1
315	311	1
321	311	1
358	311	1
359	311	1
367	311	1
370	311	1
385	311	1
413	311	1
444	311	1
447	311	1
536	311	1
314	312	1
315	312	1
317	312	1
358	312	1
359	312	1
367	312	1
370	312	1
385	312	1
421	312	1
447	312	1
483	312	1
536	312	1
338	313	1
343	313	1
353	313	1
362	313	1
365	313	1
379	313	1
384	313	1
391	313	1
403	313	1
411	313	1
423	313	1
424	313	1
427	313	1
445	313	1
451	313	1
466	313	1
477	313	1
482	313	1
487	313	1
490	313	1
540	313	1
315	314	1
317	314	1
370	314	1
374	314	1
421	314	1
447	314	1
317	315	1
358	315	1
359	315	1
367	315	1
370	315	1
374	315	1
385	315	1
406	315	1
413	315	1
421	315	1
447	315	1
483	315	1
522	315	1
536	315	1
318	316	1
319	316	1
320	316	1
326	316	1
335	316	1
340	316	1
349	316	1
369	316	1
375	316	1
394	316	1
412	316	1
417	316	1
450	316	1
453	316	1
463	316	1
469	316	1
480	316	1
494	316	1
501	316	1
539	316	1
544	316	1
545	316	1
546	316	1
547	316	1
548	316	1
352	317	1
358	317	1
367	317	1
370	317	1
374	317	1
388	317	1
413	317	1
421	317	1
447	317	1
319	318	1
320	318	1
327	318	1
331	318	1
335	318	1
340	318	1
342	318	1
412	318	1
430	318	1
494	318	1
495	318	1
539	318	1
544	318	1
546	318	1
547	318	1
548	318	1
560	318	1
326	319	1
335	319	1
340	319	1
356	319	1
369	319	1
417	319	1
441	319	1
453	319	1
463	319	1
469	319	1
481	319	1
494	319	1
501	319	1
539	319	1
543	319	1
544	319	1
545	319	1
546	319	1
552	319	1
557	319	1
558	319	1
560	319	1
326	320	1
335	320	1
340	320	1
356	320	1
369	320	1
417	320	1
441	320	1
450	320	1
453	320	1
459	320	1
463	320	1
464	320	1
469	320	1
481	320	1
493	320	1
497	320	1
501	320	1
524	320	1
526	320	1
539	320	1
543	320	1
544	320	1
545	320	1
546	320	1
547	320	1
548	320	1
552	320	1
557	320	1
560	320	1
322	321	1
323	321	1
358	321	1
370	321	1
374	321	1
413	321	1
444	321	1
447	321	1
470	321	1
483	321	1
522	321	1
323	322	1
374	322	1
444	322	1
470	322	1
374	323	1
444	323	1
470	323	1
416	324	1
471	324	1
335	326	1
340	326	1
356	326	1
369	326	1
375	326	1
376	326	1
394	326	1
412	326	1
417	326	1
441	326	1
450	326	1
453	326	1
459	326	1
463	326	1
464	326	1
469	326	1
478	326	1
481	326	1
494	326	1
501	326	1
524	326	1
526	326	1
539	326	1
543	326	1
544	326	1
546	326	1
547	326	1
548	326	1
552	326	1
557	326	1
558	326	1
560	326	1
331	327	1
340	327	1
342	327	1
375	327	1
376	327	1
398	327	1
441	327	1
464	327	1
465	327	1
474	327	1
481	327	1
493	327	1
494	327	1
497	327	1
498	327	1
525	327	1
526	327	1
546	327	1
547	327	1
548	327	1
552	327	1
557	327	1
559	327	1
560	327	1
333	328	1
334	328	1
436	328	1
461	328	1
530	328	1
531	328	1
368	329	1
469	330	1
335	331	1
441	331	1
478	331	1
497	331	1
525	331	1
539	331	1
546	331	1
560	331	1
340	332	1
351	332	1
394	332	1
419	332	1
439	332	1
441	332	1
478	332	1
480	332	1
493	332	1
494	332	1
498	332	1
539	332	1
548	332	1
560	332	1
436	333	1
436	334	1
461	334	1
491	334	1
531	334	1
555	334	1
340	335	1
369	335	1
417	335	1
453	335	1
463	335	1
465	335	1
478	335	1
525	335	1
539	335	1
544	335	1
546	335	1
547	335	1
559	335	1
560	335	1
345	336	1
346	336	1
351	336	1
404	336	1
416	336	1
419	336	1
460	336	1
462	336	1
549	336	1
537	337	1
353	338	1
391	338	1
403	338	1
423	338	1
427	338	1
451	338	1
482	338	1
490	338	1
540	338	1
351	339	1
373	339	1
389	339	1
393	339	1
425	339	1
438	339	1
449	339	1
471	339	1
502	339	1
508	339	1
514	339	1
516	339	1
549	339	1
342	340	1
349	340	1
356	340	1
369	340	1
376	340	1
407	340	1
412	340	1
417	340	1
439	340	1
441	340	1
443	340	1
453	340	1
459	340	1
463	340	1
464	340	1
469	340	1
478	340	1
494	340	1
496	340	1
501	340	1
516	340	1
523	340	1
524	340	1
526	340	1
539	340	1
543	340	1
544	340	1
545	340	1
546	340	1
547	340	1
548	340	1
552	340	1
557	340	1
558	340	1
560	340	1
349	342	1
412	342	1
478	342	1
526	342	1
552	342	1
560	342	1
362	343	1
418	343	1
476	343	1
477	343	1
488	343	1
360	345	1
460	345	1
504	345	1
351	346	1
363	346	1
389	346	1
393	346	1
400	346	1
415	346	1
420	346	1
428	346	1
433	346	1
439	346	1
449	346	1
460	346	1
549	346	1
499	347	1
516	347	1
409	348	1
473	348	1
479	348	1
533	348	1
356	349	1
407	349	1
412	349	1
441	349	1
465	349	1
363	351	1
393	351	1
400	351	1
416	351	1
419	351	1
420	351	1
425	351	1
437	351	1
449	351	1
458	351	1
468	351	1
498	351	1
502	351	1
504	351	1
508	351	1
514	351	1
550	351	1
358	352	1
367	352	1
388	352	1
421	352	1
362	353	1
365	353	1
379	353	1
384	353	1
391	353	1
403	353	1
411	353	1
427	353	1
445	353	1
451	353	1
482	353	1
487	353	1
490	353	1
521	353	1
540	353	1
407	354	1
464	354	1
498	354	1
544	354	1
548	354	1
375	355	1
383	355	1
398	355	1
419	355	1
422	355	1
430	355	1
443	355	1
464	355	1
495	355	1
496	355	1
498	355	1
543	355	1
557	355	1
559	355	1
369	356	1
394	356	1
412	356	1
439	356	1
441	356	1
450	356	1
463	356	1
465	356	1
469	356	1
480	356	1
481	356	1
539	356	1
543	356	1
545	356	1
546	356	1
547	356	1
548	356	1
557	356	1
560	356	1
519	357	1
359	358	1
367	358	1
370	358	1
385	358	1
444	358	1
447	358	1
456	358	1
483	358	1
492	358	1
536	358	1
370	359	1
385	359	1
413	359	1
447	359	1
483	359	1
536	359	1
415	360	1
460	360	1
516	360	1
382	361	1
396	361	1
408	361	1
519	361	1
370	362	1
379	362	1
384	362	1
391	362	1
403	362	1
424	362	1
454	362	1
477	362	1
482	362	1
487	362	1
532	362	1
393	363	1
397	363	1
402	363	1
425	363	1
437	363	1
494	363	1
505	363	1
508	363	1
514	363	1
549	363	1
550	363	1
534	364	1
537	364	1
371	365	1
384	365	1
391	365	1
401	365	1
403	365	1
423	365	1
424	365	1
427	365	1
435	365	1
445	365	1
451	365	1
466	365	1
476	365	1
482	365	1
488	365	1
490	365	1
521	365	1
540	365	1
386	366	1
395	366	1
436	366	1
461	366	1
491	366	1
506	366	1
507	366	1
531	366	1
385	367	1
388	367	1
444	367	1
536	367	1
440	368	1
515	368	1
376	369	1
394	369	1
441	369	1
453	369	1
463	369	1
478	369	1
501	369	1
524	369	1
526	369	1
539	369	1
543	369	1
544	369	1
545	369	1
546	369	1
547	369	1
558	369	1
560	369	1
374	370	1
385	370	1
406	370	1
413	370	1
421	370	1
447	370	1
456	370	1
483	370	1
492	370	1
522	370	1
527	370	1
528	370	1
536	370	1
384	371	1
401	371	1
411	371	1
445	371	1
454	371	1
466	371	1
476	371	1
487	371	1
488	371	1
540	371	1
495	372	1
531	372	1
392	373	1
425	373	1
471	373	1
406	374	1
421	374	1
444	374	1
447	374	1
456	374	1
470	374	1
483	374	1
492	374	1
521	374	1
522	374	1
528	374	1
383	375	1
398	375	1
419	375	1
422	375	1
430	375	1
443	375	1
450	375	1
493	375	1
494	375	1
495	375	1
496	375	1
497	375	1
498	375	1
518	375	1
548	375	1
552	375	1
557	375	1
394	376	1
441	376	1
443	376	1
459	376	1
463	376	1
465	376	1
501	376	1
525	376	1
539	376	1
543	376	1
548	376	1
559	376	1
560	376	1
529	378	1
384	379	1
391	379	1
403	379	1
423	379	1
424	379	1
427	379	1
472	379	1
482	379	1
487	379	1
540	379	1
477	380	1
500	381	1
396	382	1
408	382	1
412	383	1
419	383	1
422	383	1
430	383	1
439	383	1
443	383	1
493	383	1
496	383	1
498	383	1
518	383	1
390	384	1
391	384	1
403	384	1
405	384	1
411	384	1
424	384	1
427	384	1
445	384	1
454	384	1
466	384	1
482	384	1
487	384	1
488	384	1
521	384	1
540	384	1
406	385	1
444	385	1
447	385	1
536	385	1
395	386	1
422	386	1
429	386	1
495	386	1
507	386	1
393	389	1
397	389	1
438	389	1
449	389	1
458	389	1
502	389	1
401	391	1
403	391	1
411	391	1
423	391	1
424	391	1
427	391	1
445	391	1
451	391	1
454	391	1
466	391	1
482	391	1
487	391	1
488	391	1
490	391	1
540	391	1
431	392	1
432	392	1
448	392	1
397	393	1
404	393	1
419	393	1
420	393	1
425	393	1
428	393	1
434	393	1
437	393	1
438	393	1
446	393	1
449	393	1
457	393	1
460	393	1
480	393	1
494	393	1
498	393	1
502	393	1
508	393	1
509	393	1
512	393	1
439	394	1
441	394	1
450	394	1
453	394	1
465	394	1
469	394	1
478	394	1
481	394	1
494	394	1
496	394	1
525	394	1
526	394	1
539	394	1
546	394	1
547	394	1
548	394	1
552	394	1
557	394	1
559	394	1
436	395	1
495	395	1
531	395	1
426	396	1
482	396	1
519	396	1
400	397	1
420	397	1
434	397	1
457	397	1
458	397	1
462	397	1
508	397	1
510	397	1
511	397	1
419	398	1
439	398	1
464	398	1
465	398	1
494	398	1
497	398	1
498	398	1
508	398	1
525	398	1
547	398	1
548	398	1
557	398	1
559	398	1
440	399	1
420	400	1
428	400	1
448	400	1
457	400	1
510	400	1
511	400	1
512	400	1
411	401	1
445	401	1
454	401	1
466	401	1
476	401	1
488	401	1
521	401	1
540	401	1
419	402	1
462	402	1
510	402	1
550	402	1
411	403	1
418	403	1
423	403	1
424	403	1
427	403	1
451	403	1
454	403	1
466	403	1
476	403	1
482	403	1
487	403	1
488	403	1
540	403	1
419	404	1
449	404	1
460	404	1
512	404	1
516	404	1
418	405	1
475	405	1
477	405	1
421	406	1
447	406	1
412	407	1
441	407	1
463	407	1
464	407	1
465	407	1
469	407	1
481	407	1
493	407	1
494	407	1
526	407	1
547	407	1
548	407	1
552	407	1
559	407	1
560	407	1
519	408	1
473	409	1
479	409	1
533	409	1
423	411	1
424	411	1
427	411	1
435	411	1
445	411	1
451	411	1
454	411	1
466	411	1
476	411	1
482	411	1
488	411	1
490	411	1
521	411	1
540	411	1
419	412	1
439	412	1
443	412	1
463	412	1
464	412	1
465	412	1
478	412	1
481	412	1
493	412	1
494	412	1
496	412	1
497	412	1
498	412	1
518	412	1
526	412	1
557	412	1
421	413	1
447	413	1
483	413	1
527	413	1
536	413	1
537	414	1
438	415	1
457	415	1
503	415	1
505	415	1
512	415	1
549	415	1
433	416	1
462	416	1
550	416	1
453	417	1
463	417	1
464	417	1
494	417	1
501	417	1
526	417	1
539	417	1
543	417	1
544	417	1
546	417	1
547	417	1
548	417	1
552	417	1
558	417	1
560	417	1
477	418	1
420	419	1
422	419	1
430	419	1
434	419	1
439	419	1
443	419	1
450	419	1
478	419	1
494	419	1
496	419	1
497	419	1
498	419	1
509	419	1
513	419	1
518	419	1
526	419	1
548	419	1
550	419	1
557	419	1
559	419	1
425	420	1
428	420	1
434	420	1
437	420	1
457	420	1
502	420	1
504	420	1
508	420	1
510	420	1
511	420	1
512	420	1
514	420	1
549	420	1
550	420	1
447	421	1
430	422	1
443	422	1
493	422	1
494	422	1
495	422	1
497	422	1
498	422	1
518	422	1
557	422	1
427	423	1
435	423	1
445	423	1
451	423	1
466	423	1
482	423	1
487	423	1
488	423	1
490	423	1
521	423	1
540	423	1
427	424	1
435	424	1
451	424	1
454	424	1
466	424	1
482	424	1
487	424	1
488	424	1
490	424	1
540	424	1
433	425	1
439	425	1
448	425	1
449	425	1
455	425	1
457	425	1
471	425	1
484	425	1
494	425	1
499	425	1
502	425	1
503	425	1
511	425	1
514	425	1
445	427	1
451	427	1
482	427	1
487	427	1
490	427	1
540	427	1
434	428	1
439	428	1
449	428	1
460	428	1
502	428	1
508	428	1
510	428	1
511	428	1
512	428	1
514	428	1
495	429	1
506	429	1
507	429	1
443	430	1
493	430	1
498	430	1
510	430	1
525	430	1
432	431	1
504	433	1
550	433	1
437	434	1
446	434	1
468	434	1
494	434	1
499	434	1
502	434	1
503	434	1
504	434	1
505	434	1
508	434	1
509	434	1
510	434	1
511	434	1
514	434	1
550	434	1
445	435	1
454	435	1
466	435	1
488	435	1
521	435	1
540	435	1
461	436	1
506	436	1
507	436	1
530	436	1
531	436	1
448	437	1
457	437	1
458	437	1
498	437	1
505	437	1
508	437	1
510	437	1
511	437	1
514	437	1
516	437	1
549	437	1
550	437	1
468	438	1
502	438	1
504	438	1
508	438	1
550	438	1
443	439	1
469	439	1
478	439	1
493	439	1
496	439	1
503	439	1
518	439	1
546	439	1
548	439	1
557	439	1
559	439	1
515	440	1
537	440	1
459	441	1
463	441	1
465	441	1
469	441	1
478	441	1
481	441	1
498	441	1
523	441	1
524	441	1
539	441	1
543	441	1
544	441	1
545	441	1
547	441	1
548	441	1
474	443	1
493	443	1
494	443	1
496	443	1
497	443	1
498	443	1
518	443	1
539	443	1
557	443	1
559	443	1
447	444	1
470	444	1
486	444	1
536	444	1
454	445	1
466	445	1
482	445	1
488	445	1
521	445	1
540	445	1
456	447	1
483	447	1
492	447	1
522	447	1
527	447	1
528	447	1
536	447	1
457	449	1
460	449	1
499	449	1
503	449	1
511	449	1
514	449	1
516	449	1
464	450	1
469	450	1
478	450	1
547	450	1
548	450	1
454	451	1
466	451	1
482	451	1
488	451	1
490	451	1
521	451	1
540	451	1
521	452	1
463	453	1
469	453	1
501	453	1
544	453	1
545	453	1
546	453	1
547	453	1
552	453	1
558	453	1
466	454	1
476	454	1
488	454	1
490	454	1
521	454	1
540	454	1
510	455	1
483	456	1
492	456	1
528	456	1
458	457	1
464	457	1
471	457	1
484	457	1
508	457	1
510	457	1
550	457	1
553	457	1
554	457	1
494	458	1
499	458	1
502	458	1
553	458	1
463	459	1
497	459	1
501	459	1
524	459	1
539	459	1
543	459	1
544	459	1
546	459	1
547	459	1
548	459	1
462	460	1
550	460	1
467	461	1
491	461	1
506	461	1
507	461	1
530	461	1
531	461	1
541	461	1
555	461	1
499	462	1
504	462	1
550	462	1
464	463	1
469	463	1
478	463	1
480	463	1
481	463	1
494	463	1
501	463	1
524	463	1
526	463	1
539	463	1
543	463	1
544	463	1
545	463	1
546	463	1
547	463	1
548	463	1
552	463	1
557	463	1
558	463	1
560	463	1
494	464	1
497	464	1
498	464	1
526	464	1
545	464	1
546	464	1
552	464	1
557	464	1
560	464	1
478	465	1
524	465	1
525	465	1
539	465	1
544	465	1
546	465	1
547	465	1
548	465	1
552	465	1
560	465	1
476	466	1
482	466	1
488	466	1
521	466	1
540	466	1
491	467	1
495	467	1
506	467	1
531	467	1
499	468	1
503	468	1
504	468	1
508	468	1
478	469	1
480	469	1
481	469	1
501	469	1
543	469	1
544	469	1
545	469	1
546	469	1
547	469	1
552	469	1
557	469	1
558	469	1
559	469	1
560	469	1
522	470	1
487	472	1
479	473	1
533	473	1
478	474	1
481	474	1
493	474	1
526	474	1
548	474	1
557	474	1
529	475	1
477	476	1
488	476	1
490	476	1
521	476	1
540	476	1
488	477	1
529	477	1
481	478	1
524	478	1
525	478	1
526	478	1
539	478	1
543	478	1
544	478	1
546	478	1
547	478	1
557	478	1
558	478	1
559	478	1
533	479	1
481	480	1
494	480	1
497	480	1
539	480	1
546	480	1
547	480	1
497	481	1
523	481	1
526	481	1
539	481	1
545	481	1
552	481	1
557	481	1
558	481	1
559	481	1
560	481	1
487	482	1
488	482	1
490	482	1
540	482	1
492	483	1
522	483	1
528	483	1
561	483	1
509	484	1
540	487	1
521	488	1
540	488	1
540	490	1
507	491	1
530	491	1
531	491	1
541	491	1
555	491	1
528	492	1
494	493	1
496	493	1
497	493	1
518	493	1
524	493	1
539	493	1
548	493	1
557	493	1
559	493	1
560	493	1
497	494	1
498	494	1
499	494	1
510	494	1
514	494	1
516	494	1
518	494	1
526	494	1
539	494	1
547	494	1
548	494	1
552	494	1
560	494	1
498	495	1
506	495	1
559	495	1
497	496	1
498	496	1
518	496	1
548	496	1
557	496	1
559	496	1
498	497	1
518	497	1
526	497	1
539	497	1
547	497	1
548	497	1
559	497	1
499	498	1
510	498	1
518	498	1
525	498	1
548	498	1
550	498	1
557	498	1
559	498	1
560	498	1
514	499	1
516	499	1
526	501	1
539	501	1
543	501	1
544	501	1
545	501	1
546	501	1
547	501	1
558	501	1
504	502	1
508	502	1
508	503	1
514	503	1
505	504	1
508	504	1
549	504	1
550	504	1
508	505	1
509	505	1
511	505	1
550	505	1
507	506	1
510	506	1
531	507	1
509	508	1
510	508	1
511	508	1
512	508	1
514	508	1
549	508	1
550	508	1
550	509	1
511	510	1
516	510	1
512	511	1
514	512	1
557	513	1
516	514	1
525	518	1
556	520	1
540	521	1
539	524	1
543	524	1
544	524	1
546	524	1
547	524	1
560	524	1
548	525	1
559	525	1
560	525	1
543	526	1
548	526	1
552	526	1
559	526	1
531	530	1
555	530	1
555	531	1
537	532	1
535	534	1
543	539	1
544	539	1
545	539	1
546	539	1
547	539	1
560	539	1
555	541	1
544	543	1
545	543	1
546	543	1
547	543	1
548	543	1
552	543	1
557	543	1
558	543	1
560	543	1
545	544	1
546	544	1
547	544	1
560	544	1
546	545	1
547	545	1
548	545	1
552	545	1
558	545	1
560	545	1
547	546	1
558	546	1
560	546	1
548	547	1
552	547	1
557	547	1
552	548	1
557	548	1
559	548	1
560	548	1
557	552	1
558	552	1
557	555	1
558	557	1
