23 47 114 119 125 126 131 132 187 199 217 247 259 319 324 343 347 355 493 519 524 527 564 596 621 637 751 769 802 817 
111 146 155 163 224 226 267 268 278 379 386 391 400 404 431 457 492 514 547 548 632 
48 73 88 166 175 227 265 271 345 350 362 383 403 414 416 425 428 440 454 499 529 542 546 549 579 602 603 610 635 636 663 728 778 812 820 870 896 922 926 
16 97 115 133 134 170 182 205 220 222 248 249 261 270 275 288 293 294 307 320 333 390 422 462 470 552 598 619 622 629 631 664 678 686 703 711 736 807 809 921 
17 36 56 66 67 80 87 98 147 159 186 195 196 198 201 203 210 218 235 237 238 251 274 284 292 302 306 334 341 363 366 373 385 401 408 433 475 482 486 517 522 526 537 571 575 589 600 601 608 615 628 639 645 649 662 676 683 702 704 721 722 726 735 747 761 768 771 773 788 795 836 840 846 856 857 873 892 900 904 915 920 942 958 962 
18 70 172 194 240 243 273 321 339 353 370 388 413 453 501 503 553 605 611 620 658 659 
14 29 46 53 116 120 129 164 188 207 291 325 361 365 442 444 484 496 584 585 616 625 630 652 697 740 
11 20 51 55 75 79 82 85 86 90 123 138 148 149 150 161 180 184 191 209 230 252 253 280 281 295 311 364 396 409 460 487 500 513 540 556 587 593 604 627 640 642 646 682 700 705 712 720 727 738 759 760 776 782 787 790 839 866 871 884 887 889 929 930 932 946 947 954 955 971 972 975 976 986 994 996 
15 31 39 100 112 127 181 204 214 221 241 257 303 316 377 393 419 443 458 461 478 497 515 567 581 597 609 623 670 675 680 745 813 825 830 834 854 894 899 906 907 909 910 945 959 965 968 974 980 985 991 999 
3 6 63 72 81 91 101 135 158 169 183 189 211 215 228 229 234 246 256 285 290 322 328 338 434 435 450 455 464 473 516 532 638 655 665 693 732 733 753 758 767 814 815 826 827 851 861 863 872 882 898 903 934 936 938 940 957 961 970 984 993 
35 49 50 77 78 94 117 165 202 264 272 344 357 449 477 479 512 560 607 617 648 671 690 748 752 757 777 792 799 805 821 828 855 859 
19 21 41 69 136 142 179 286 336 351 354 445 498 534 541 543 555 577 634 687 691 717 739 756 775 779 780 794 804 811 819 844 845 847 849 852 891 
1 30 42 60 74 177 266 287 310 318 340 356 369 382 398 407 423 446 459 494 530 550 562 568 606 618 624 633 643 654 661 668 669 679 707 750 798 831 848 850 862 886 890 913 943 944 960 966 987 992 
9 33 37 58 108 140 157 208 212 279 313 317 488 506 523 533 535 545 551 558 580 591 651 
2 24 34 65 68 89 109 121 124 144 156 168 176 197 206 236 244 258 269 277 330 335 359 378 405 437 451 452 481 510 525 557 576 582 614 650 653 667 677 701 713 734 746 766 806 810 865 867 876 883 905 912 916 951 977 988 
38 76 83 104 106 118 141 143 154 160 167 216 219 245 263 282 289 297 298 299 312 337 348 349 358 360 372 374 375 376 392 411 427 436 456 467 471 472 474 505 518 531 536 538 544 573 588 612 613 641 644 656 709 710 715 725 729 730 743 749 765 770 772 785 789 791 796 816 824 832 833 837 838 841 842 843 874 878 879 885 888 901 911 919 937 939 941 948 950 952 963 964 969 981 997 998 
5 8 10 27 44 71 92 139 151 174 185 192 213 223 250 255 283 301 346 381 384 389 410 420 426 465 466 468 476 483 495 520 528 563 574 592 657 672 685 688 698 699 737 742 744 755 774 784 793 800 818 822 835 860 877 881 914 923 924 927 928 935 949 953 967 973 978 979 983 989 995 
59 84 95 96 113 171 173 193 233 254 262 314 326 332 352 368 387 397 402 415 432 469 539 554 565 590 594 599 626 696 706 708 723 731 764 853 858 893 925 
12 54 57 62 64 93 137 153 178 300 304 315 323 342 412 424 430 447 448 463 521 569 578 674 684 694 724 762 801 803 808 823 829 868 869 880 895 902 917 
4 7 22 25 102 103 105 110 128 190 231 232 239 260 276 296 305 309 367 380 395 399 421 441 485 507 508 511 559 595 647 666 673 681 716 718 741 754 783 797 864 875 897 908 918 931 933 956 982 990 1000 
13 26 45 61 99 122 130 200 225 242 371 394 406 417 429 438 439 480 490 504 509 572 583 586 714 763 781 786 
28 32 40 43 52 107 145 152 162 308 327 329 331 418 489 491 502 561 566 570 660 689 692 695 719 
