1	3 
2	5 
3	19 
4	20 
5	7 
6	19 
7	20 
8	7 
9	4 
10	7 
11	17 
12	9 
13	21 
14	16 
15	18 
16	13 
17	14 
18	15 
19	2 
20	17 
21	2 
22	20 
23	11 
24	5 
25	20 
26	21 
27	7 
28	10 
29	16 
30	3 
31	18 
32	10 
33	4 
34	5 
35	1 
36	14 
37	4 
38	6 
39	18 
40	10 
41	2 
42	3 
43	10 
44	7 
45	21 
46	16 
47	11 
48	12 
49	1 
50	1 
51	17 
52	10 
53	16 
54	9 
55	17 
56	14 
57	9 
58	4 
59	8 
60	3 
61	21 
62	9 
63	19 
64	9 
65	5 
66	14 
67	14 
68	5 
69	2 
70	15 
71	7 
72	19 
73	12 
74	3 
75	17 
76	6 
77	1 
78	1 
79	17 
80	14 
81	19 
82	17 
83	6 
84	8 
85	17 
86	17 
87	14 
88	12 
89	5 
90	17 
91	19 
92	7 
93	9 
94	1 
95	8 
96	8 
97	13 
98	14 
99	21 
100	18 
101	19 
102	20 
103	20 
104	6 
105	20 
106	6 
107	10 
108	4 
109	5 
110	20 
111	22 
112	18 
113	8 
114	11 
115	13 
116	16 
117	1 
118	6 
119	11 
120	16 
121	5 
122	21 
123	17 
124	5 
125	11 
126	11 
127	18 
128	20 
129	16 
130	21 
131	11 
132	11 
133	13 
134	13 
135	19 
136	2 
137	9 
138	17 
139	7 
140	4 
141	6 
142	2 
143	6 
144	5 
145	10 
146	22 
147	14 
148	17 
149	17 
150	17 
151	7 
152	10 
153	9 
154	6 
155	22 
156	5 
157	4 
158	19 
159	14 
160	6 
161	17 
162	10 
163	22 
164	16 
165	1 
166	12 
167	6 
168	5 
169	19 
170	13 
171	8 
172	15 
173	8 
174	7 
175	12 
176	5 
177	3 
178	9 
179	2 
180	17 
181	18 
182	13 
183	19 
184	17 
185	7 
186	14 
187	11 
188	16 
189	19 
190	20 
191	17 
192	7 
193	8 
194	15 
195	14 
196	14 
197	5 
198	14 
199	11 
200	21 
201	14 
202	1 
203	14 
204	18 
205	13 
206	5 
207	16 
208	4 
209	17 
210	14 
211	19 
212	4 
213	7 
214	18 
215	19 
216	6 
217	11 
218	14 
219	6 
220	13 
221	18 
222	13 
223	7 
224	22 
225	21 
226	22 
227	12 
228	19 
229	19 
230	17 
231	20 
232	20 
233	8 
234	19 
235	14 
236	5 
237	14 
238	14 
239	20 
240	15 
241	18 
242	21 
243	15 
244	5 
245	6 
246	19 
247	11 
248	13 
249	13 
250	7 
251	14 
252	17 
253	17 
254	8 
255	7 
256	19 
257	18 
258	5 
259	11 
260	20 
261	13 
262	8 
263	6 
264	1 
265	12 
266	3 
267	22 
268	22 
269	5 
270	13 
271	12 
272	1 
273	15 
274	14 
275	13 
276	20 
277	5 
278	22 
279	4 
280	17 
281	17 
282	6 
283	7 
284	14 
285	19 
286	2 
287	3 
288	13 
289	6 
290	19 
291	16 
292	14 
293	13 
294	13 
295	17 
296	20 
297	6 
298	6 
299	6 
300	9 
301	7 
302	14 
303	18 
304	9 
305	20 
306	14 
307	13 
308	10 
309	20 
310	3 
311	17 
312	6 
313	4 
314	8 
315	9 
316	18 
317	4 
318	3 
319	11 
320	13 
321	15 
322	19 
323	9 
324	11 
325	16 
326	8 
327	10 
328	19 
329	10 
330	5 
331	10 
332	8 
333	13 
334	14 
335	5 
336	2 
337	6 
338	19 
339	15 
340	3 
341	14 
342	9 
343	11 
344	1 
345	12 
346	7 
347	11 
348	6 
349	6 
350	12 
351	2 
352	8 
353	15 
354	2 
355	11 
356	3 
357	1 
358	6 
359	5 
360	6 
361	16 
362	12 
363	14 
364	17 
365	16 
366	14 
367	20 
368	8 
369	3 
370	15 
371	21 
372	6 
373	14 
374	6 
375	6 
376	6 
377	18 
378	5 
379	22 
380	20 
381	7 
382	3 
383	12 
384	7 
385	14 
386	22 
387	8 
388	15 
389	7 
390	13 
391	22 
392	6 
393	18 
394	21 
395	20 
396	17 
397	8 
398	3 
399	20 
400	22 
401	14 
402	8 
403	12 
404	22 
405	5 
406	21 
407	3 
408	14 
409	17 
410	7 
411	6 
412	9 
413	15 
414	12 
415	8 
416	12 
417	21 
418	10 
419	18 
420	7 
421	20 
422	13 
423	3 
424	9 
425	12 
426	7 
427	6 
428	12 
429	21 
430	9 
431	22 
432	8 
433	14 
434	19 
435	19 
436	6 
437	5 
438	21 
439	21 
440	12 
441	20 
442	16 
443	18 
444	16 
445	2 
446	3 
447	9 
448	9 
449	1 
450	19 
451	5 
452	5 
453	15 
454	12 
455	19 
456	6 
457	22 
458	18 
459	3 
460	17 
461	18 
462	13 
463	9 
464	19 
465	7 
466	7 
467	6 
468	7 
469	8 
470	13 
471	6 
472	6 
473	19 
474	6 
475	14 
476	7 
477	1 
478	18 
479	1 
480	21 
481	5 
482	14 
483	7 
484	16 
485	20 
486	14 
487	17 
488	4 
489	10 
490	21 
491	10 
492	22 
493	11 
494	3 
495	7 
496	16 
497	18 
498	2 
499	12 
500	17 
501	15 
502	10 
503	15 
504	21 
505	6 
506	4 
507	20 
508	20 
509	21 
510	5 
511	20 
512	1 
513	17 
514	22 
515	18 
516	19 
517	14 
518	6 
519	11 
520	7 
521	9 
522	14 
523	4 
524	11 
525	5 
526	14 
527	11 
528	7 
529	12 
530	3 
531	6 
532	19 
533	4 
534	2 
535	4 
536	6 
537	14 
538	6 
539	8 
540	17 
541	2 
542	12 
543	2 
544	6 
545	4 
546	12 
547	22 
548	22 
549	12 
550	3 
551	4 
552	13 
553	15 
554	8 
555	2 
556	17 
557	5 
558	4 
559	20 
560	1 
561	10 
562	3 
563	7 
564	11 
565	8 
566	10 
567	18 
568	3 
569	9 
570	10 
571	14 
572	21 
573	6 
574	7 
575	14 
576	5 
577	2 
578	9 
579	12 
580	4 
581	18 
582	5 
583	21 
584	16 
585	16 
586	21 
587	17 
588	6 
589	14 
590	8 
591	4 
592	7 
593	17 
594	8 
595	20 
596	11 
597	18 
598	13 
599	8 
600	14 
601	14 
602	12 
603	12 
604	17 
605	15 
606	3 
607	1 
608	14 
609	18 
610	12 
611	15 
612	6 
613	6 
614	5 
615	14 
616	16 
617	1 
618	3 
619	13 
620	15 
621	11 
622	13 
623	18 
624	3 
625	16 
626	8 
627	17 
628	14 
629	13 
630	16 
631	13 
632	22 
633	3 
634	2 
635	12 
636	12 
637	11 
638	19 
639	14 
640	17 
641	6 
642	17 
643	3 
644	6 
645	14 
646	17 
647	20 
648	1 
649	14 
650	5 
651	4 
652	16 
653	5 
654	3 
655	19 
656	6 
657	7 
658	15 
659	15 
660	10 
661	3 
662	14 
663	12 
664	13 
665	19 
666	20 
667	5 
668	3 
669	3 
670	18 
671	1 
672	7 
673	20 
674	9 
675	18 
676	14 
677	5 
678	13 
679	3 
680	18 
681	20 
682	17 
683	14 
684	9 
685	7 
686	13 
687	2 
688	7 
689	10 
690	1 
691	2 
692	10 
693	19 
694	9 
695	10 
696	8 
697	16 
698	7 
699	7 
700	17 
701	5 
702	14 
703	13 
704	14 
705	17 
706	8 
707	3 
708	8 
709	6 
710	6 
711	13 
712	17 
713	5 
714	21 
715	6 
716	20 
717	2 
718	20 
719	10 
720	17 
721	14 
722	14 
723	8 
724	9 
725	6 
726	14 
727	17 
728	12 
729	6 
730	6 
731	8 
732	19 
733	19 
734	5 
735	14 
736	13 
737	7 
738	17 
739	2 
740	16 
741	20 
742	7 
743	6 
744	7 
745	18 
746	5 
747	14 
748	1 
749	6 
750	3 
751	11 
752	1 
753	19 
754	20 
755	7 
756	2 
757	1 
758	19 
759	17 
760	17 
761	14 
762	9 
763	21 
764	8 
765	6 
766	5 
767	19 
768	14 
769	11 
770	6 
771	14 
772	6 
773	14 
774	7 
775	2 
776	17 
777	1 
778	12 
779	2 
780	2 
781	21 
782	17 
783	20 
784	7 
785	6 
786	21 
787	17 
788	14 
789	6 
790	17 
791	6 
792	1 
793	7 
794	2 
795	14 
796	6 
797	20 
798	3 
799	1 
800	7 
801	9 
802	11 
803	9 
804	2 
805	1 
806	5 
807	13 
808	9 
809	13 
810	5 
811	2 
812	12 
813	18 
814	19 
815	19 
816	6 
817	11 
818	7 
819	2 
820	12 
821	1 
822	7 
823	9 
824	6 
825	18 
826	19 
827	19 
828	1 
829	9 
830	18 
831	3 
832	6 
833	6 
834	18 
835	7 
836	14 
837	6 
838	6 
839	17 
840	14 
841	6 
842	6 
843	6 
844	2 
845	2 
846	14 
847	2 
848	3 
849	2 
850	3 
851	19 
852	2 
853	8 
854	18 
855	1 
856	14 
857	14 
858	8 
859	1 
860	7 
861	19 
862	3 
863	19 
864	20 
865	5 
866	17 
867	5 
868	9 
869	9 
870	12 
871	17 
872	19 
873	14 
874	6 
875	20 
876	5 
877	7 
878	6 
879	6 
880	9 
881	7 
882	19 
883	5 
884	17 
885	6 
886	3 
887	17 
888	6 
889	17 
890	3 
891	2 
892	14 
893	8 
894	18 
895	9 
896	12 
897	20 
898	19 
899	18 
900	14 
901	6 
902	9 
903	19 
904	14 
905	5 
906	18 
907	18 
908	20 
909	18 
910	18 
911	6 
912	5 
913	3 
914	7 
915	14 
916	5 
917	9 
918	20 
919	6 
920	14 
921	13 
922	12 
923	7 
924	7 
925	8 
926	12 
927	7 
928	7 
929	17 
930	17 
931	20 
932	17 
933	20 
934	19 
935	7 
936	19 
937	6 
938	19 
939	6 
940	19 
941	6 
942	14 
943	3 
944	3 
945	18 
946	17 
947	17 
948	6 
949	7 
950	6 
951	5 
952	6 
953	7 
954	17 
955	17 
956	20 
957	19 
958	14 
959	18 
960	3 
961	19 
962	14 
963	6 
964	6 
965	18 
966	3 
967	7 
968	18 
969	6 
970	19 
971	17 
972	17 
973	7 
974	18 
975	17 
976	17 
977	5 
978	7 
979	7 
980	18 
981	6 
982	20 
983	7 
984	19 
985	18 
986	17 
987	3 
988	5 
989	7 
990	20 
991	18 
992	3 
993	19 
994	17 
995	7 
996	17 
997	6 
998	6 
999	18 
1000	20 
