1 2 1.0
1 3 0.707106781187
1 8 1.0
1 9 0.707106781187
1 10 0.707106781187
1 22 1.0
1 23 0.707106781187
1 28 0.707106781187
1 44 1.0
1 45 0.707106781187
1 46 0.707106781187
1 51 0.707106781187
1 67 0.707106781187
1 130 1.0
1 131 0.707106781187
1 132 0.707106781187
1 138 0.707106781187
1 151 0.707106781187
1 389 1.0
1 392 0.707106781187
1 411 0.707106781187
2 3 1.0
2 8 0.707106781187
2 9 1.0
2 11 0.707106781187
2 22 0.707106781187
2 23 1.0
2 24 0.707106781187
2 29 0.707106781187
2 44 0.707106781187
2 45 1.0
2 47 0.707106781187
2 52 0.707106781187
2 68 0.707106781187
2 130 0.707106781187
2 131 1.0
2 133 0.707106781187
2 139 0.707106781187
2 152 0.707106781187
2 171 0.707106781187
2 389 0.707106781187
3 4 0.707106781187
3 5 1.0
3 9 0.707106781187
3 10 0.707106781187
3 11 1.0
3 13 0.707106781187
3 23 0.707106781187
3 24 1.0
3 31 0.707106781187
3 45 0.707106781187
3 46 0.707106781187
3 47 1.0
3 49 0.707106781187
3 54 0.707106781187
3 70 0.707106781187
3 131 0.707106781187
3 132 0.707106781187
3 133 1.0
3 135 0.707106781187
3 141 0.707106781187
3 153 0.707106781187
3 389 1.0
4 5 1.0
4 6 1.0
4 7 0.707106781187
4 10 0.707106781187
4 12 1.0
4 13 0.707106781187
4 14 0.707106781187
4 25 1.0
4 26 0.707106781187
4 32 0.707106781187
4 46 0.707106781187
4 48 1.0
4 49 0.707106781187
4 50 0.707106781187
4 55 0.707106781187
4 71 0.707106781187
4 132 0.707106781187
4 134 1.0
4 135 0.707106781187
4 136 0.707106781187
4 142 0.707106781187
4 154 0.707106781187
4 389 1.0
5 6 0.707106781187
5 7 1.0
5 11 0.707106781187
5 12 0.707106781187
5 13 1.0
5 15 0.707106781187
5 24 0.707106781187
5 25 0.707106781187
5 27 0.707106781187
5 33 0.707106781187
5 47 0.707106781187
5 48 0.707106781187
5 49 1.0
5 56 0.707106781187
5 72 0.707106781187
5 133 0.707106781187
5 134 0.707106781187
5 135 1.0
5 137 0.707106781187
5 143 0.707106781187
5 155 0.707106781187
5 393 1.0
6 7 1.0
6 12 0.707106781187
6 14 1.0
6 15 0.707106781187
6 25 0.707106781187
6 26 1.0
6 27 0.707106781187
6 34 0.707106781187
6 48 0.707106781187
6 50 1.0
6 57 0.707106781187
6 73 0.707106781187
6 134 0.707106781187
6 136 1.0
6 137 0.707106781187
6 144 0.707106781187
6 156 0.707106781187
6 176 0.707106781187
6 394 0.707106781187
7 13 0.707106781187
7 14 0.707106781187
7 15 1.0
7 26 0.707106781187
7 27 1.0
7 35 0.707106781187
7 49 0.707106781187
7 50 0.707106781187
7 58 0.707106781187
7 74 0.707106781187
7 135 0.707106781187
7 136 0.707106781187
7 137 1.0
7 145 0.707106781187
7 157 0.707106781187
7 177 0.707106781187
7 393 0.707106781187
7 394 1.0
8 9 1.0
8 10 1.0
8 11 0.707106781187
8 16 1.0
8 17 0.707106781187
8 22 0.707106781187
8 28 1.0
8 29 0.707106781187
8 30 0.707106781187
8 36 0.707106781187
8 44 0.707106781187
8 51 1.0
8 52 0.707106781187
8 53 0.707106781187
8 59 0.707106781187
8 130 0.707106781187
8 138 1.0
8 139 0.707106781187
8 140 0.707106781187
8 158 0.707106781187
8 178 0.707106781187
8 389 0.707106781187
9 10 0.707106781187
9 11 1.0
9 16 0.707106781187
9 17 1.0
9 18 0.707106781187
9 23 0.707106781187
9 28 0.707106781187
9 29 1.0
9 31 0.707106781187
9 37 0.707106781187
9 45 0.707106781187
9 51 0.707106781187
9 52 1.0
9 54 0.707106781187
9 60 0.707106781187
9 75 0.707106781187
9 131 0.707106781187
9 138 0.707106781187
9 139 1.0
9 141 0.707106781187
10 11 1.0
10 12 1.0
10 13 0.707106781187
10 16 0.707106781187
10 18 0.707106781187
10 19 0.707106781187
10 28 0.707106781187
10 30 1.0
10 31 0.707106781187
10 32 0.707106781187
10 38 0.707106781187
10 46 0.707106781187
10 51 0.707106781187
10 53 1.0
10 54 0.707106781187
10 55 0.707106781187
10 140 1.0
10 389 1.0
10 390 1.0
11 12 0.707106781187
11 13 1.0
11 17 0.707106781187
11 18 1.0
11 24 0.707106781187
11 29 0.707106781187
11 30 0.707106781187
11 31 1.0
11 33 0.707106781187
11 39 0.707106781187
11 47 0.707106781187
11 52 0.707106781187
11 53 0.707106781187
11 54 1.0
11 56 0.707106781187
11 62 0.707106781187
11 133 0.707106781187
11 141 1.0
12 13 1.0
12 14 1.0
12 15 0.707106781187
12 19 1.0
12 20 0.707106781187
12 25 0.707106781187
12 30 0.707106781187
12 32 1.0
12 33 0.707106781187
12 34 0.707106781187
12 40 0.707106781187
12 48 0.707106781187
12 53 0.707106781187
12 55 1.0
12 56 0.707106781187
12 57 0.707106781187
12 63 0.707106781187
12 77 0.707106781187
12 142 1.0
13 14 0.707106781187
13 15 1.0
13 18 0.707106781187
13 19 0.707106781187
13 21 0.707106781187
13 31 0.707106781187
13 32 0.707106781187
13 33 1.0
13 35 0.707106781187
13 41 0.707106781187
13 49 0.707106781187
13 54 0.707106781187
13 55 0.707106781187
13 56 1.0
13 58 0.707106781187
13 143 1.0
13 391 1.0
14 15 1.0
14 19 0.707106781187
14 20 1.0
14 21 0.707106781187
14 26 0.707106781187
14 32 0.707106781187
14 34 1.0
14 35 0.707106781187
14 42 0.707106781187
14 50 0.707106781187
14 55 0.707106781187
14 57 1.0
14 58 0.707106781187
14 65 0.707106781187
14 79 0.707106781187
14 136 0.707106781187
14 142 0.707106781187
14 144 1.0
14 145 0.707106781187
15 20 0.707106781187
15 21 1.0
15 27 0.707106781187
15 33 0.707106781187
15 34 0.707106781187
15 35 1.0
15 43 0.707106781187
15 56 0.707106781187
15 57 0.707106781187
15 58 1.0
15 66 0.707106781187
15 80 0.707106781187
15 137 0.707106781187
15 143 0.707106781187
15 144 0.707106781187
15 145 1.0
15 150 0.707106781187
15 165 0.707106781187
16 17 1.0
16 18 0.707106781187
16 28 0.707106781187
16 36 1.0
16 37 0.707106781187
16 38 0.707106781187
16 51 0.707106781187
16 59 1.0
16 60 0.707106781187
16 61 0.707106781187
16 81 0.707106781187
16 138 0.707106781187
16 146 0.707106781187
16 147 0.707106781187
16 166 0.707106781187
16 184 0.707106781187
16 390 1.0
16 404 1.0
17 18 1.0
17 29 0.707106781187
17 36 0.707106781187
17 37 1.0
17 39 0.707106781187
17 52 0.707106781187
17 59 0.707106781187
17 60 1.0
17 62 0.707106781187
17 82 0.707106781187
17 139 0.707106781187
17 146 1.0
17 148 0.707106781187
17 167 0.707106781187
17 185 0.707106781187
17 390 0.707106781187
17 404 0.707106781187
18 19 0.707106781187
18 31 0.707106781187
18 37 0.707106781187
18 38 0.707106781187
18 39 1.0
18 41 0.707106781187
18 54 0.707106781187
18 60 0.707106781187
18 61 0.707106781187
18 62 1.0
18 64 0.707106781187
18 141 0.707106781187
18 146 0.707106781187
18 147 0.707106781187
18 148 1.0
18 187 0.707106781187
18 390 1.0
18 391 1.0
19 20 1.0
19 21 0.707106781187
19 32 0.707106781187
19 38 0.707106781187
19 40 1.0
19 41 0.707106781187
19 42 0.707106781187
19 55 0.707106781187
19 61 0.707106781187
19 63 1.0
19 64 0.707106781187
19 65 0.707106781187
19 84 0.707106781187
19 142 0.707106781187
19 147 0.707106781187
19 149 0.707106781187
19 390 1.0
19 391 1.0
19 405 1.0
20 21 1.0
20 34 0.707106781187
20 40 0.707106781187
20 42 1.0
20 43 0.707106781187
20 57 0.707106781187
20 63 0.707106781187
20 65 1.0
20 66 0.707106781187
20 144 0.707106781187
20 149 1.0
20 150 0.707106781187
20 170 0.707106781187
20 190 0.707106781187
20 391 0.707106781187
20 398 0.707106781187
20 405 0.707106781187
21 35 0.707106781187
21 41 0.707106781187
21 42 0.707106781187
21 43 1.0
21 58 0.707106781187
21 64 0.707106781187
21 65 0.707106781187
21 66 1.0
21 86 0.707106781187
21 145 0.707106781187
21 149 0.707106781187
21 150 1.0
21 191 0.707106781187
21 391 1.0
21 406 0.707106781187
21 410 0.707106781187
22 23 1.0
22 24 0.707106781187
22 28 1.0
22 29 0.707106781187
22 30 0.707106781187
22 44 0.707106781187
22 67 1.0
22 68 0.707106781187
22 69 0.707106781187
22 130 0.707106781187
22 151 1.0
22 152 0.707106781187
22 158 0.707106781187
22 192 0.707106781187
22 389 0.707106781187
22 392 1.0
22 395 0.707106781187
22 407 0.707106781187
23 24 1.0
23 28 0.707106781187
23 29 1.0
23 31 0.707106781187
23 45 0.707106781187
23 67 0.707106781187
23 68 1.0
23 70 0.707106781187
23 75 0.707106781187
23 131 0.707106781187
23 151 0.707106781187
23 152 1.0
23 153 0.707106781187
23 159 0.707106781187
23 193 0.707106781187
23 392 0.707106781187
24 25 0.707106781187
24 29 0.707106781187
24 30 0.707106781187
24 31 1.0
24 33 0.707106781187
24 47 0.707106781187
24 68 0.707106781187
24 69 0.707106781187
24 70 1.0
24 72 0.707106781187
24 133 0.707106781187
24 152 0.707106781187
24 153 1.0
24 155 0.707106781187
24 161 0.707106781187
24 195 0.707106781187
24 392 1.0
24 393 1.0
25 26 1.0
25 27 0.707106781187
25 30 0.707106781187
25 32 1.0
25 33 0.707106781187
25 34 0.707106781187
25 48 0.707106781187
25 69 0.707106781187
25 71 1.0
25 72 0.707106781187
25 73 0.707106781187
25 77 0.707106781187
25 134 0.707106781187
25 154 1.0
25 155 0.707106781187
25 156 0.707106781187
25 162 0.707106781187
25 392 1.0
25 393 1.0
26 27 1.0
26 32 0.707106781187
26 34 1.0
26 35 0.707106781187
26 50 0.707106781187
26 71 0.707106781187
26 73 1.0
26 74 0.707106781187
26 79 0.707106781187
26 136 0.707106781187
26 154 0.707106781187
26 156 1.0
26 157 0.707106781187
26 164 0.707106781187
26 198 0.707106781187
26 393 0.707106781187
27 33 0.707106781187
27 34 0.707106781187
27 35 1.0
27 72 0.707106781187
27 73 0.707106781187
27 74 1.0
27 80 0.707106781187
27 137 0.707106781187
27 155 0.707106781187
27 156 0.707106781187
27 157 1.0
27 165 0.707106781187
27 199 0.707106781187
27 393 1.0
27 394 0.707106781187
28 29 1.0
28 30 1.0
28 31 0.707106781187
28 36 1.0
28 37 0.707106781187
28 38 0.707106781187
28 51 0.707106781187
28 67 0.707106781187
28 75 0.707106781187
28 76 0.707106781187
28 81 0.707106781187
28 138 0.707106781187
28 151 0.707106781187
28 158 1.0
28 159 0.707106781187
28 160 0.707106781187
28 395 1.0
29 30 0.707106781187
29 31 1.0
29 36 0.707106781187
29 37 1.0
29 39 0.707106781187
29 52 0.707106781187
29 68 0.707106781187
29 75 1.0
29 82 0.707106781187
29 139 0.707106781187
29 152 0.707106781187
29 158 0.707106781187
29 159 1.0
29 161 0.707106781187
29 167 0.707106781187
30 31 1.0
30 32 1.0
30 33 0.707106781187
30 36 0.707106781187
30 38 1.0
30 39 0.707106781187
30 40 0.707106781187
30 53 0.707106781187
30 69 0.707106781187
30 76 1.0
30 77 0.707106781187
30 83 0.707106781187
30 140 0.707106781187
30 160 1.0
30 392 1.0
31 32 0.707106781187
31 33 1.0
31 37 0.707106781187
31 38 0.707106781187
31 39 1.0
31 41 0.707106781187
31 54 0.707106781187
31 70 0.707106781187
31 75 0.707106781187
31 76 0.707106781187
31 78 0.707106781187
31 161 1.0
31 396 1.0
32 33 1.0
32 34 1.0
32 35 0.707106781187
32 38 0.707106781187
32 40 1.0
32 41 0.707106781187
32 42 0.707106781187
32 55 0.707106781187
32 71 0.707106781187
32 76 0.707106781187
32 77 1.0
32 78 0.707106781187
32 79 0.707106781187
32 162 1.0
33 34 0.707106781187
33 35 1.0
33 39 0.707106781187
33 40 0.707106781187
33 41 1.0
33 43 0.707106781187
33 56 0.707106781187
33 72 0.707106781187
33 77 0.707106781187
33 78 1.0
33 80 0.707106781187
33 163 1.0
33 393 1.0
34 35 1.0
34 40 0.707106781187
34 42 1.0
34 43 0.707106781187
34 57 0.707106781187
34 73 0.707106781187
34 77 0.707106781187
34 79 1.0
34 80 0.707106781187
34 144 0.707106781187
34 156 0.707106781187
34 162 0.707106781187
34 164 1.0
34 165 0.707106781187
35 41 0.707106781187
35 42 0.707106781187
35 43 1.0
35 58 0.707106781187
35 74 0.707106781187
35 78 0.707106781187
35 79 0.707106781187
35 80 1.0
35 86 0.707106781187
35 145 0.707106781187
35 157 0.707106781187
35 163 0.707106781187
35 164 0.707106781187
35 165 1.0
36 37 1.0
36 38 1.0
36 39 0.707106781187
36 59 0.707106781187
36 81 1.0
36 82 0.707106781187
36 83 0.707106781187
36 158 0.707106781187
36 166 1.0
36 167 0.707106781187
36 208 0.707106781187
36 390 0.707106781187
36 395 0.707106781187
36 404 0.707106781187
36 408 0.707106781187
37 38 0.707106781187
37 39 1.0
37 60 0.707106781187
37 75 0.707106781187
37 81 0.707106781187
37 82 1.0
37 146 0.707106781187
37 159 0.707106781187
37 166 0.707106781187
37 167 1.0
37 209 0.707106781187
37 397 0.707106781187
37 409 0.707106781187
38 39 1.0
38 40 1.0
38 41 0.707106781187
38 61 0.707106781187
38 76 0.707106781187
38 81 0.707106781187
38 83 1.0
38 84 0.707106781187
38 147 0.707106781187
38 160 0.707106781187
38 166 0.707106781187
38 168 0.707106781187
38 390 1.0
38 408 1.0
39 40 0.707106781187
39 41 1.0
39 62 0.707106781187
39 82 0.707106781187
39 83 0.707106781187
39 85 0.707106781187
39 148 0.707106781187
39 161 0.707106781187
39 167 0.707106781187
39 169 0.707106781187
39 211 0.707106781187
39 390 0.707106781187
39 397 1.0
39 409 1.0
40 41 1.0
40 42 1.0
40 43 0.707106781187
40 63 0.707106781187
40 77 0.707106781187
40 83 0.707106781187
40 84 1.0
40 85 0.707106781187
40 162 0.707106781187
40 168 1.0
40 169 0.707106781187
40 170 0.707106781187
40 212 0.707106781187
40 390 0.707106781187
40 391 0.707106781187
41 42 0.707106781187
41 43 1.0
41 64 0.707106781187
41 78 0.707106781187
41 84 0.707106781187
41 85 1.0
41 86 0.707106781187
41 163 0.707106781187
41 168 0.707106781187
41 169 1.0
41 391 1.0
41 397 0.707106781187
41 406 0.707106781187
42 43 1.0
42 65 0.707106781187
42 79 0.707106781187
42 84 0.707106781187
42 86 0.707106781187
42 149 0.707106781187
42 164 0.707106781187
42 168 0.707106781187
42 170 1.0
42 213 0.707106781187
42 398 1.0
42 410 0.707106781187
43 66 0.707106781187
43 80 0.707106781187
43 85 0.707106781187
43 86 1.0
43 150 0.707106781187
43 165 0.707106781187
43 169 0.707106781187
43 170 0.707106781187
43 214 0.707106781187
43 391 0.707106781187
43 398 0.707106781187
43 410 1.0
44 45 1.0
44 46 1.0
44 47 0.707106781187
44 51 1.0
44 52 0.707106781187
44 53 0.707106781187
44 67 1.0
44 68 0.707106781187
44 69 0.707106781187
44 87 1.0
44 88 0.707106781187
44 89 0.707106781187
44 95 0.707106781187
44 108 0.707106781187
44 130 0.707106781187
44 171 0.707106781187
44 172 0.707106781187
44 178 0.707106781187
44 192 0.707106781187
44 411 1.0
45 46 0.707106781187
45 47 1.0
45 51 0.707106781187
45 52 1.0
45 54 0.707106781187
45 67 0.707106781187
45 68 1.0
45 70 0.707106781187
45 75 0.707106781187
45 87 0.707106781187
45 88 1.0
45 90 0.707106781187
45 131 0.707106781187
45 171 1.0
45 173 0.707106781187
45 179 0.707106781187
45 193 0.707106781187
45 216 0.707106781187
46 47 1.0
46 48 1.0
46 49 0.707106781187
46 51 0.707106781187
46 53 1.0
46 54 0.707106781187
46 55 0.707106781187
46 67 0.707106781187
46 69 1.0
46 70 0.707106781187
46 71 0.707106781187
46 76 0.707106781187
46 87 0.707106781187
46 89 1.0
46 90 0.707106781187
46 91 0.707106781187
46 172 1.0
46 389 1.0
47 48 0.707106781187
47 49 1.0
47 52 0.707106781187
47 53 0.707106781187
47 54 1.0
47 56 0.707106781187
47 68 0.707106781187
47 69 0.707106781187
47 70 1.0
47 72 0.707106781187
47 88 0.707106781187
47 89 0.707106781187
47 90 1.0
47 92 0.707106781187
47 97 0.707106781187
47 173 1.0
48 49 1.0
48 50 1.0
48 53 0.707106781187
48 55 1.0
48 56 0.707106781187
48 57 0.707106781187
48 69 0.707106781187
48 71 1.0
48 72 0.707106781187
48 73 0.707106781187
48 77 0.707106781187
48 89 0.707106781187
48 91 1.0
48 92 0.707106781187
48 93 0.707106781187
48 111 0.707106781187
48 174 1.0
49 50 0.707106781187
49 54 0.707106781187
49 55 0.707106781187
49 56 1.0
49 58 0.707106781187
49 70 0.707106781187
49 71 0.707106781187
49 72 1.0
49 74 0.707106781187
49 78 0.707106781187
49 90 0.707106781187
49 91 0.707106781187
49 92 1.0
49 94 0.707106781187
49 175 1.0
49 394 1.0
50 55 0.707106781187
50 57 1.0
50 58 0.707106781187
50 71 0.707106781187
50 73 1.0
50 74 0.707106781187
50 79 0.707106781187
50 91 0.707106781187
50 93 1.0
50 94 0.707106781187
50 99 0.707106781187
50 113 0.707106781187
50 136 0.707106781187
50 174 0.707106781187
50 176 1.0
50 177 0.707106781187
50 394 1.0
51 52 1.0
51 53 1.0
51 54 0.707106781187
51 59 1.0
51 60 0.707106781187
51 61 0.707106781187
51 67 0.707106781187
51 75 0.707106781187
51 76 0.707106781187
51 81 0.707106781187
51 87 0.707106781187
51 95 1.0
51 96 0.707106781187
51 178 1.0
51 395 1.0
52 53 0.707106781187
52 54 1.0
52 59 0.707106781187
52 60 1.0
52 62 0.707106781187
52 68 0.707106781187
52 75 1.0
52 82 0.707106781187
52 88 0.707106781187
52 95 0.707106781187
52 97 0.707106781187
52 101 0.707106781187
52 179 1.0
52 399 1.0
53 54 1.0
53 55 1.0
53 56 0.707106781187
53 59 0.707106781187
53 61 1.0
53 62 0.707106781187
53 63 0.707106781187
53 69 0.707106781187
53 76 1.0
53 77 0.707106781187
53 83 0.707106781187
53 96 1.0
53 412 1.0
54 55 0.707106781187
54 56 1.0
54 60 0.707106781187
54 61 0.707106781187
54 62 1.0
54 64 0.707106781187
54 70 0.707106781187
54 97 1.0
54 180 1.0
54 396 1.0
55 56 1.0
55 57 1.0
55 58 0.707106781187
55 61 0.707106781187
55 63 1.0
55 64 0.707106781187
55 65 0.707106781187
55 71 0.707106781187
55 77 1.0
55 181 1.0
55 400 1.0
56 57 0.707106781187
56 58 1.0
56 62 0.707106781187
56 63 0.707106781187
56 64 1.0
56 66 0.707106781187
56 72 0.707106781187
56 77 0.707106781187
56 78 1.0
56 80 0.707106781187
56 98 1.0
56 182 1.0
57 58 1.0
57 63 0.707106781187
57 65 1.0
57 66 0.707106781187
57 73 0.707106781187
57 77 0.707106781187
57 79 1.0
57 80 0.707106781187
57 93 0.707106781187
57 99 1.0
57 106 0.707106781187
57 120 0.707106781187
57 144 0.707106781187
57 183 1.0
58 64 0.707106781187
58 65 0.707106781187
58 66 1.0
58 74 0.707106781187
58 78 0.707106781187
58 79 0.707106781187
58 80 1.0
58 86 0.707106781187
58 94 0.707106781187
58 98 0.707106781187
58 394 1.0
58 401 1.0
58 413 1.0
59 60 1.0
59 61 1.0
59 62 0.707106781187
59 81 1.0
59 82 0.707106781187
59 83 0.707106781187
59 95 0.707106781187
59 100 1.0
59 101 0.707106781187
59 102 0.707106781187
59 122 0.707106781187
59 178 0.707106781187
59 184 1.0
59 185 0.707106781187
59 186 0.707106781187
59 208 0.707106781187
59 229 0.707106781187
60 61 0.707106781187
60 62 1.0
60 75 0.707106781187
60 81 0.707106781187
60 82 1.0
60 100 0.707106781187
60 101 1.0
60 103 0.707106781187
60 123 0.707106781187
60 146 0.707106781187
60 179 0.707106781187
60 184 0.707106781187
60 185 1.0
60 187 0.707106781187
60 209 0.707106781187
61 62 1.0
61 63 1.0
61 64 0.707106781187
61 76 0.707106781187
61 81 0.707106781187
61 83 1.0
61 84 0.707106781187
61 96 0.707106781187
61 100 0.707106781187
61 102 1.0
61 103 0.707106781187
61 186 1.0
61 390 1.0
62 63 0.707106781187
62 64 1.0
62 82 0.707106781187
62 83 0.707106781187
62 85 0.707106781187
62 97 0.707106781187
62 101 0.707106781187
62 102 0.707106781187
62 103 1.0
62 105 0.707106781187
62 125 0.707106781187
62 187 1.0
62 397 1.0
63 64 1.0
63 65 1.0
63 66 0.707106781187
63 77 0.707106781187
63 83 0.707106781187
63 84 1.0
63 85 0.707106781187
63 102 0.707106781187
63 104 1.0
63 105 0.707106781187
63 106 0.707106781187
63 126 0.707106781187
63 181 0.707106781187
63 188 1.0
64 65 0.707106781187
64 66 1.0
64 78 0.707106781187
64 84 0.707106781187
64 85 1.0
64 86 0.707106781187
64 98 0.707106781187
64 103 0.707106781187
64 104 0.707106781187
64 105 1.0
64 189 1.0
64 391 1.0
65 66 1.0
65 79 0.707106781187
65 84 0.707106781187
65 86 0.707106781187
65 99 0.707106781187
65 104 0.707106781187
65 106 1.0
65 107 0.707106781187
65 128 0.707106781187
65 149 0.707106781187
65 183 0.707106781187
65 188 0.707106781187
65 190 1.0
65 398 1.0
66 80 0.707106781187
66 85 0.707106781187
66 86 1.0
66 105 0.707106781187
66 106 0.707106781187
66 107 1.0
66 129 0.707106781187
66 150 0.707106781187
66 189 0.707106781187
66 190 0.707106781187
66 191 1.0
66 214 0.707106781187
66 391 0.707106781187
66 398 0.707106781187
67 68 1.0
67 69 1.0
67 70 0.707106781187
67 75 0.707106781187
67 76 0.707106781187
67 87 0.707106781187
67 108 1.0
67 109 0.707106781187
67 115 0.707106781187
67 151 0.707106781187
67 192 1.0
67 193 0.707106781187
67 194 0.707106781187
67 200 0.707106781187
67 235 0.707106781187
67 395 1.0
68 69 0.707106781187
68 70 1.0
68 75 1.0
68 88 0.707106781187
68 108 0.707106781187
68 110 0.707106781187
68 116 0.707106781187
68 152 0.707106781187
68 171 0.707106781187
68 192 0.707106781187
68 193 1.0
68 195 0.707106781187
68 201 0.707106781187
68 402 1.0
69 70 1.0
69 71 1.0
69 72 0.707106781187
69 76 1.0
69 77 0.707106781187
69 89 0.707106781187
69 108 0.707106781187
69 109 1.0
69 110 0.707106781187
69 111 0.707106781187
69 117 0.707106781187
69 194 1.0
69 392 1.0
70 71 0.707106781187
70 72 1.0
70 75 0.707106781187
70 76 0.707106781187
70 78 0.707106781187
70 90 0.707106781187
70 109 0.707106781187
70 110 1.0
70 112 0.707106781187
70 118 0.707106781187
70 195 1.0
70 396 1.0
71 72 1.0
71 73 1.0
71 74 0.707106781187
71 76 0.707106781187
71 77 1.0
71 78 0.707106781187
71 79 0.707106781187
71 91 0.707106781187
71 109 0.707106781187
71 111 1.0
71 112 0.707106781187
71 113 0.707106781187
71 196 1.0
72 73 0.707106781187
72 74 1.0
72 77 0.707106781187
72 78 1.0
72 80 0.707106781187
72 92 0.707106781187
72 110 0.707106781187
72 111 0.707106781187
72 112 1.0
72 114 0.707106781187
72 197 1.0
72 393 1.0
73 74 1.0
73 77 0.707106781187
73 79 1.0
73 80 0.707106781187
73 93 0.707106781187
73 111 0.707106781187
73 113 1.0
73 114 0.707106781187
73 120 0.707106781187
73 156 0.707106781187
73 176 0.707106781187
73 196 0.707106781187
73 198 1.0
73 199 0.707106781187
74 78 0.707106781187
74 79 0.707106781187
74 80 1.0
74 94 0.707106781187
74 112 0.707106781187
74 113 0.707106781187
74 114 1.0
74 121 0.707106781187
74 157 0.707106781187
74 177 0.707106781187
74 197 0.707106781187
74 198 0.707106781187
74 199 1.0
74 394 1.0
75 76 0.707106781187
75 81 0.707106781187
75 82 1.0
75 115 0.707106781187
75 116 1.0
75 118 0.707106781187
75 123 0.707106781187
75 201 1.0
75 395 1.0
75 396 1.0
76 77 1.0
76 78 0.707106781187
76 83 1.0
76 117 1.0
76 202 1.0
76 395 1.0
76 396 1.0
77 78 1.0
77 79 1.0
77 80 0.707106781187
77 84 1.0
77 119 1.0
77 204 1.0
78 79 0.707106781187
78 80 1.0
78 85 1.0
78 205 1.0
78 396 1.0
78 403 1.0
79 80 1.0
79 84 0.707106781187
79 86 0.707106781187
79 99 0.707106781187
79 113 0.707106781187
79 120 1.0
79 206 1.0
79 398 1.0
80 85 0.707106781187
80 86 1.0
80 114 0.707106781187
80 120 0.707106781187
80 121 1.0
80 129 0.707106781187
80 165 0.707106781187
80 207 1.0
81 82 1.0
81 83 1.0
81 100 0.707106781187
81 115 0.707106781187
81 122 1.0
81 123 0.707106781187
81 124 0.707106781187
81 166 0.707106781187
81 184 0.707106781187
81 200 0.707106781187
81 208 1.0
81 209 0.707106781187
81 395 1.0
82 83 0.707106781187
82 101 0.707106781187
82 116 0.707106781187
82 122 0.707106781187
82 123 1.0
82 125 0.707106781187
82 167 0.707106781187
82 185 0.707106781187
82 201 0.707106781187
82 208 0.707106781187
82 209 1.0
82 211 0.707106781187
82 397 1.0
83 84 1.0
83 85 0.707106781187
83 102 0.707106781187
83 117 0.707106781187
83 122 0.707106781187
83 124 1.0
83 125 0.707106781187
83 126 0.707106781187
83 210 1.0
83 397 1.0
84 85 1.0
84 86 0.707106781187
84 104 0.707106781187
84 119 0.707106781187
84 124 0.707106781187
84 126 1.0
84 212 1.0
84 398 1.0
85 86 1.0
85 105 0.707106781187
85 125 0.707106781187
85 126 0.707106781187
85 127 1.0
85 129 0.707106781187
85 169 0.707106781187
85 397 1.0
85 414 1.0
86 107 0.707106781187
86 121 0.707106781187
86 127 0.707106781187
86 128 0.707106781187
86 129 1.0
86 191 0.707106781187
86 207 0.707106781187
86 213 0.707106781187
86 214 1.0
86 398 1.0
87 88 1.0
87 89 1.0
87 90 0.707106781187
87 95 1.0
87 96 0.707106781187
87 108 1.0
87 109 0.707106781187
87 115 0.707106781187
87 215 1.0
87 216 0.707106781187
87 217 0.707106781187
87 223 0.707106781187
87 235 0.707106781187
87 399 0.707106781187
87 402 0.707106781187
87 411 0.707106781187
88 89 0.707106781187
88 90 1.0
88 95 0.707106781187
88 97 0.707106781187
88 108 0.707106781187
88 110 0.707106781187
88 116 0.707106781187
88 171 0.707106781187
88 215 0.707106781187
88 216 1.0
88 218 0.707106781187
88 224 0.707106781187
88 236 0.707106781187
88 399 1.0
88 402 1.0
89 90 1.0
89 91 1.0
89 92 0.707106781187
89 95 0.707106781187
89 96 1.0
89 97 0.707106781187
89 108 0.707106781187
89 109 1.0
89 110 0.707106781187
89 111 0.707106781187
89 117 0.707106781187
89 172 0.707106781187
89 215 0.707106781187
89 217 1.0
89 218 0.707106781187
89 219 0.707106781187
90 91 0.707106781187
90 92 1.0
90 96 0.707106781187
90 97 1.0
90 98 0.707106781187
90 109 0.707106781187
90 110 1.0
90 112 0.707106781187
90 118 0.707106781187
90 173 0.707106781187
90 216 0.707106781187
90 217 0.707106781187
90 218 1.0
90 220 0.707106781187
90 225 0.707106781187
91 92 1.0
91 93 1.0
91 94 0.707106781187
91 96 0.707106781187
91 98 0.707106781187
91 99 0.707106781187
91 109 0.707106781187
91 111 1.0
91 112 0.707106781187
91 113 0.707106781187
91 119 0.707106781187
91 174 0.707106781187
91 217 0.707106781187
91 219 1.0
91 220 0.707106781187
91 400 1.0
92 93 0.707106781187
92 94 1.0
92 97 0.707106781187
92 98 1.0
92 110 0.707106781187
92 111 0.707106781187
92 112 1.0
92 114 0.707106781187
92 175 0.707106781187
92 218 0.707106781187
92 219 0.707106781187
92 220 1.0
92 222 0.707106781187
92 227 0.707106781187
92 240 0.707106781187
92 394 0.707106781187
93 94 1.0
93 99 1.0
93 111 0.707106781187
93 113 1.0
93 114 0.707106781187
93 120 0.707106781187
93 176 0.707106781187
93 219 0.707106781187
93 221 1.0
93 222 0.707106781187
93 241 0.707106781187
93 394 0.707106781187
93 400 0.707106781187
93 401 0.707106781187
93 416 0.707106781187
94 98 0.707106781187
94 99 0.707106781187
94 112 0.707106781187
94 113 0.707106781187
94 114 1.0
94 121 0.707106781187
94 177 0.707106781187
94 220 0.707106781187
94 221 0.707106781187
94 222 1.0
94 228 0.707106781187
94 242 0.707106781187
94 394 1.0
94 401 1.0
95 96 1.0
95 97 0.707106781187
95 100 1.0
95 101 0.707106781187
95 102 0.707106781187
95 108 0.707106781187
95 115 1.0
95 116 0.707106781187
95 117 0.707106781187
95 122 0.707106781187
95 178 0.707106781187
95 215 0.707106781187
95 223 1.0
95 224 0.707106781187
95 229 0.707106781187
95 399 1.0
96 97 1.0
96 98 0.707106781187
96 100 0.707106781187
96 102 1.0
96 103 0.707106781187
96 104 0.707106781187
96 109 0.707106781187
96 115 0.707106781187
96 117 1.0
96 118 0.707106781187
96 400 1.0
96 415 1.0
97 98 1.0
97 101 0.707106781187
97 102 0.707106781187
97 103 1.0
97 105 0.707106781187
97 110 0.707106781187
97 116 0.707106781187
97 117 0.707106781187
97 118 1.0
97 125 0.707106781187
97 225 1.0
97 399 1.0
98 99 0.707106781187
98 103 0.707106781187
98 104 0.707106781187
98 105 1.0
98 107 0.707106781187
98 112 0.707106781187
98 118 0.707106781187
98 227 1.0
98 400 1.0
98 401 1.0
98 403 1.0
99 104 0.707106781187
99 106 1.0
99 107 0.707106781187
99 113 0.707106781187
99 119 0.707106781187
99 120 1.0
99 121 0.707106781187
99 128 0.707106781187
99 183 0.707106781187
99 221 0.707106781187
99 226 0.707106781187
99 400 1.0
99 401 1.0
99 416 1.0
100 101 1.0
100 102 1.0
100 103 0.707106781187
100 115 0.707106781187
100 122 1.0
100 123 0.707106781187
100 124 0.707106781187
100 184 0.707106781187
100 223 0.707106781187
100 229 1.0
100 230 0.707106781187
100 231 0.707106781187
100 250 0.707106781187
100 399 0.707106781187
101 102 0.707106781187
101 103 1.0
101 116 0.707106781187
101 122 0.707106781187
101 123 1.0
101 125 0.707106781187
101 185 0.707106781187
101 224 0.707106781187
101 229 0.707106781187
101 230 1.0
101 232 0.707106781187
101 251 0.707106781187
101 399 1.0
102 103 1.0
102 104 1.0
102 105 0.707106781187
102 117 0.707106781187
102 122 0.707106781187
102 124 1.0
102 125 0.707106781187
102 126 0.707106781187
102 186 0.707106781187
102 229 0.707106781187
102 231 1.0
102 232 0.707106781187
102 233 0.707106781187
103 104 0.707106781187
103 105 1.0
103 118 0.707106781187
103 123 0.707106781187
103 124 0.707106781187
103 125 1.0
103 127 0.707106781187
103 187 0.707106781187
103 225 0.707106781187
103 230 0.707106781187
103 231 0.707106781187
103 232 1.0
103 253 0.707106781187
104 105 1.0
104 106 1.0
104 107 0.707106781187
104 119 0.707106781187
104 124 0.707106781187
104 126 1.0
104 127 0.707106781187
104 128 0.707106781187
104 188 0.707106781187
104 226 0.707106781187
104 231 0.707106781187
104 233 1.0
104 400 1.0
105 106 0.707106781187
105 107 1.0
105 125 0.707106781187
105 126 0.707106781187
105 127 1.0
105 129 0.707106781187
105 189 0.707106781187
105 227 0.707106781187
105 232 0.707106781187
105 233 0.707106781187
105 255 0.707106781187
105 400 0.707106781187
105 417 1.0
106 107 1.0
106 120 0.707106781187
106 126 0.707106781187
106 128 1.0
106 129 0.707106781187
106 190 0.707106781187
106 233 0.707106781187
106 234 1.0
106 256 0.707106781187
106 398 0.707106781187
106 400 0.707106781187
106 401 0.707106781187
106 416 0.707106781187
106 418 0.707106781187
107 121 0.707106781187
107 127 0.707106781187
107 128 0.707106781187
107 129 1.0
107 191 0.707106781187
107 228 0.707106781187
107 234 0.707106781187
107 257 0.707106781187
107 401 1.0
107 417 0.707106781187
107 418 1.0
108 109 1.0
108 110 0.707106781187
108 115 1.0
108 116 0.707106781187
108 117 0.707106781187
108 192 0.707106781187
108 215 0.707106781187
108 235 1.0
108 236 0.707106781187
108 237 0.707106781187
108 243 0.707106781187
108 395 0.707106781187
108 402 1.0
109 110 1.0
109 111 1.0
109 112 0.707106781187
109 115 0.707106781187
109 117 1.0
109 118 0.707106781187
109 119 0.707106781187
109 194 0.707106781187
109 217 0.707106781187
109 235 0.707106781187
109 237 1.0
109 238 0.707106781187
110 111 0.707106781187
110 112 1.0
110 116 0.707106781187
110 117 0.707106781187
110 118 1.0
110 195 0.707106781187
110 218 0.707106781187
110 236 0.707106781187
110 237 0.707106781187
110 238 1.0
110 240 0.707106781187
110 402 1.0
111 112 1.0
111 113 1.0
111 114 0.707106781187
111 117 0.707106781187
111 119 1.0
111 120 0.707106781187
111 196 0.707106781187
111 219 0.707106781187
111 237 0.707106781187
111 239 1.0
111 240 0.707106781187
111 241 0.707106781187
112 113 0.707106781187
112 114 1.0
112 118 0.707106781187
112 119 0.707106781187
112 121 0.707106781187
112 197 0.707106781187
112 220 0.707106781187
112 238 0.707106781187
112 240 1.0
112 403 1.0
113 114 1.0
113 119 0.707106781187
113 120 1.0
113 121 0.707106781187
113 198 0.707106781187
113 221 0.707106781187
113 239 0.707106781187
113 241 1.0
113 242 0.707106781187
113 248 0.707106781187
114 120 0.707106781187
114 121 1.0
114 199 0.707106781187
114 222 0.707106781187
114 240 0.707106781187
114 241 0.707106781187
114 242 1.0
114 249 0.707106781187
114 394 0.707106781187
114 401 0.707106781187
114 403 0.707106781187
115 116 1.0
115 117 1.0
115 118 0.707106781187
115 122 1.0
115 123 0.707106781187
115 124 0.707106781187
115 200 0.707106781187
115 223 0.707106781187
115 235 0.707106781187
115 243 1.0
115 244 0.707106781187
115 245 0.707106781187
115 395 1.0
116 117 0.707106781187
116 118 1.0
116 122 0.707106781187
116 123 1.0
116 125 0.707106781187
116 201 0.707106781187
116 224 0.707106781187
116 236 0.707106781187
116 243 0.707106781187
116 244 1.0
116 246 0.707106781187
116 399 1.0
116 402 1.0
117 118 1.0
117 119 1.0
117 122 0.707106781187
117 124 1.0
117 125 0.707106781187
117 126 0.707106781187
117 202 0.707106781187
117 245 1.0
118 119 0.707106781187
118 123 0.707106781187
118 124 0.707106781187
118 125 1.0
118 127 0.707106781187
118 246 1.0
118 396 1.0
118 403 1.0
119 120 1.0
119 121 0.707106781187
119 126 1.0
119 400 1.0
119 403 1.0
119 419 1.0
120 121 1.0
120 126 0.707106781187
120 128 1.0
120 129 0.707106781187
120 206 0.707106781187
120 241 0.707106781187
120 248 1.0
120 249 0.707106781187
120 256 0.707106781187
120 398 0.707106781187
120 400 0.707106781187
120 401 0.707106781187
121 127 0.707106781187
121 128 0.707106781187
121 129 1.0
121 207 0.707106781187
121 228 0.707106781187
121 242 0.707106781187
121 249 1.0
121 401 1.0
121 403 1.0
122 123 1.0
122 124 1.0
122 125 0.707106781187
122 208 0.707106781187
122 229 0.707106781187
122 243 0.707106781187
122 250 1.0
122 251 0.707106781187
122 252 0.707106781187
123 124 0.707106781187
123 125 1.0
123 209 0.707106781187
123 230 0.707106781187
123 244 0.707106781187
123 250 0.707106781187
123 251 1.0
123 253 0.707106781187
123 399 0.707106781187
124 125 1.0
124 126 1.0
124 127 0.707106781187
124 210 0.707106781187
124 231 0.707106781187
124 245 0.707106781187
124 250 0.707106781187
124 252 1.0
125 126 0.707106781187
125 127 1.0
125 211 0.707106781187
125 232 0.707106781187
125 246 0.707106781187
125 251 0.707106781187
125 252 0.707106781187
125 253 1.0
125 397 1.0
126 127 1.0
126 128 1.0
126 129 0.707106781187
126 212 0.707106781187
126 233 0.707106781187
126 252 0.707106781187
126 254 1.0
126 255 0.707106781187
126 256 0.707106781187
126 398 0.707106781187
127 128 0.707106781187
127 129 1.0
127 247 0.707106781187
127 253 0.707106781187
127 254 0.707106781187
127 255 1.0
127 257 0.707106781187
127 403 1.0
128 129 1.0
128 213 0.707106781187
128 234 0.707106781187
128 248 0.707106781187
128 254 0.707106781187
128 256 1.0
128 257 0.707106781187
128 398 1.0
129 214 0.707106781187
129 249 0.707106781187
129 255 0.707106781187
129 256 0.707106781187
129 257 1.0
129 398 0.707106781187
129 401 0.707106781187
129 403 0.707106781187
129 418 0.707106781187
130 131 1.0
130 132 1.0
130 133 0.707106781187
130 138 1.0
130 139 0.707106781187
130 140 0.707106781187
130 151 1.0
130 152 0.707106781187
130 158 0.707106781187
130 171 0.707106781187
130 172 0.707106781187
130 178 0.707106781187
130 192 0.707106781187
130 258 1.0
130 259 0.707106781187
130 260 0.707106781187
130 280 0.707106781187
130 300 0.707106781187
130 411 1.0
131 132 0.707106781187
131 133 1.0
131 138 0.707106781187
131 139 1.0
131 141 0.707106781187
131 151 0.707106781187
131 152 1.0
131 153 0.707106781187
131 159 0.707106781187
131 171 1.0
131 173 0.707106781187
131 179 0.707106781187
131 193 0.707106781187
131 258 0.707106781187
131 259 1.0
131 261 0.707106781187
131 266 0.707106781187
132 133 1.0
132 134 1.0
132 135 0.707106781187
132 138 0.707106781187
132 140 1.0
132 141 0.707106781187
132 142 0.707106781187
132 151 0.707106781187
132 153 0.707106781187
132 154 0.707106781187
132 160 0.707106781187
132 172 1.0
132 173 0.707106781187
132 174 0.707106781187
132 260 1.0
132 389 1.0
132 407 1.0
133 134 0.707106781187
133 135 1.0
133 139 0.707106781187
133 140 0.707106781187
133 141 1.0
133 143 0.707106781187
133 152 0.707106781187
133 153 1.0
133 155 0.707106781187
133 161 0.707106781187
133 171 0.707106781187
133 172 0.707106781187
133 173 1.0
133 175 0.707106781187
133 261 1.0
134 135 1.0
134 136 1.0
134 137 0.707106781187
134 140 0.707106781187
134 142 1.0
134 143 0.707106781187
134 144 0.707106781187
134 154 1.0
134 155 0.707106781187
134 156 0.707106781187
134 162 0.707106781187
134 172 0.707106781187
134 174 1.0
134 175 0.707106781187
134 176 0.707106781187
134 262 1.0
135 136 0.707106781187
135 137 1.0
135 141 0.707106781187
135 142 0.707106781187
135 143 1.0
135 145 0.707106781187
135 153 0.707106781187
135 154 0.707106781187
135 155 1.0
135 157 0.707106781187
135 163 0.707106781187
135 173 0.707106781187
135 174 0.707106781187
135 175 1.0
135 263 1.0
136 137 1.0
136 142 0.707106781187
136 144 1.0
136 145 0.707106781187
136 154 0.707106781187
136 156 1.0
136 157 0.707106781187
136 164 0.707106781187
136 174 0.707106781187
136 176 1.0
136 177 0.707106781187
136 183 0.707106781187
136 198 0.707106781187
136 262 0.707106781187
136 264 1.0
136 265 0.707106781187
137 143 0.707106781187
137 144 0.707106781187
137 145 1.0
137 155 0.707106781187
137 156 0.707106781187
137 157 1.0
137 165 0.707106781187
137 175 0.707106781187
137 176 0.707106781187
137 177 1.0
137 199 0.707106781187
137 263 0.707106781187
137 264 0.707106781187
137 265 1.0
137 272 0.707106781187
137 286 0.707106781187
138 139 1.0
138 140 1.0
138 141 0.707106781187
138 146 0.707106781187
138 147 0.707106781187
138 151 0.707106781187
138 158 1.0
138 159 0.707106781187
138 160 0.707106781187
138 166 0.707106781187
138 178 1.0
138 179 0.707106781187
138 404 1.0
138 420 1.0
139 140 0.707106781187
139 141 1.0
139 146 1.0
139 148 0.707106781187
139 152 0.707106781187
139 158 0.707106781187
139 159 1.0
139 161 0.707106781187
139 167 0.707106781187
139 171 0.707106781187
139 178 0.707106781187
139 179 1.0
139 266 1.0
140 141 1.0
140 142 1.0
140 143 0.707106781187
140 147 1.0
140 148 0.707106781187
140 158 0.707106781187
140 160 1.0
140 161 0.707106781187
140 162 0.707106781187
140 172 0.707106781187
140 267 1.0
140 412 1.0
141 142 0.707106781187
141 143 1.0
141 146 0.707106781187
141 147 0.707106781187
141 148 1.0
141 153 0.707106781187
141 161 1.0
141 180 1.0
141 268 1.0
142 143 1.0
142 144 1.0
142 145 0.707106781187
142 147 0.707106781187
142 149 0.707106781187
142 154 0.707106781187
142 162 1.0
142 181 1.0
142 269 1.0
142 405 1.0
143 144 0.707106781187
143 145 1.0
143 148 0.707106781187
143 150 0.707106781187
143 155 0.707106781187
143 161 0.707106781187
143 163 1.0
143 182 1.0
143 270 1.0
143 406 1.0
144 145 1.0
144 149 1.0
144 150 0.707106781187
144 156 0.707106781187
144 162 0.707106781187
144 164 1.0
144 165 0.707106781187
144 170 0.707106781187
144 176 0.707106781187
144 181 0.707106781187
144 183 1.0
144 271 1.0
145 149 0.707106781187
145 150 1.0
145 157 0.707106781187
145 163 0.707106781187
145 164 0.707106781187
145 165 1.0
145 177 0.707106781187
145 182 0.707106781187
145 183 0.707106781187
145 272 1.0
145 413 1.0
146 147 0.707106781187
146 148 1.0
146 159 0.707106781187
146 166 0.707106781187
146 167 1.0
146 179 0.707106781187
146 184 0.707106781187
146 185 1.0
146 187 0.707106781187
146 209 0.707106781187
146 266 0.707106781187
146 273 0.707106781187
146 274 1.0
146 276 0.707106781187
146 404 1.0
147 148 1.0
147 160 0.707106781187
147 166 0.707106781187
147 168 0.707106781187
147 184 0.707106781187
147 186 1.0
147 187 0.707106781187
147 188 0.707106781187
147 275 1.0
147 390 1.0
147 404 1.0
147 405 1.0
147 408 1.0
148 161 0.707106781187
148 167 0.707106781187
148 169 0.707106781187
148 180 0.707106781187
148 185 0.707106781187
148 186 0.707106781187
148 187 1.0
148 189 0.707106781187
148 211 0.707106781187
148 268 0.707106781187
148 276 1.0
148 406 1.0
148 409 1.0
149 150 1.0
149 164 0.707106781187
149 168 0.707106781187
149 170 1.0
149 183 0.707106781187
149 188 0.707106781187
149 190 1.0
149 191 0.707106781187
149 213 0.707106781187
149 271 0.707106781187
149 277 0.707106781187
149 279 1.0
149 321 0.707106781187
149 405 1.0
149 406 0.707106781187
150 165 0.707106781187
150 169 0.707106781187
150 170 0.707106781187
150 189 0.707106781187
150 190 0.707106781187
150 191 1.0
150 214 0.707106781187
150 272 0.707106781187
150 278 0.707106781187
150 279 0.707106781187
150 299 0.707106781187
150 391 0.707106781187
150 406 1.0
150 410 1.0
150 421 1.0
151 152 1.0
151 153 0.707106781187
151 158 1.0
151 159 0.707106781187
151 160 0.707106781187
151 192 1.0
151 193 0.707106781187
151 194 0.707106781187
151 200 0.707106781187
151 258 0.707106781187
151 280 1.0
151 281 0.707106781187
151 282 0.707106781187
151 287 0.707106781187
151 407 1.0
152 153 1.0
152 158 0.707106781187
152 159 1.0
152 161 0.707106781187
152 171 0.707106781187
152 192 0.707106781187
152 193 1.0
152 195 0.707106781187
152 201 0.707106781187
152 259 0.707106781187
152 280 0.707106781187
152 281 1.0
152 283 0.707106781187
153 154 0.707106781187
153 155 1.0
153 159 0.707106781187
153 160 0.707106781187
153 161 1.0
153 163 0.707106781187
153 173 0.707106781187
153 193 0.707106781187
153 194 0.707106781187
153 195 1.0
153 283 1.0
153 407 1.0
154 155 1.0
154 156 1.0
154 157 0.707106781187
154 160 0.707106781187
154 162 1.0
154 163 0.707106781187
154 164 0.707106781187
154 174 0.707106781187
154 194 0.707106781187
154 196 1.0
154 197 0.707106781187
154 407 1.0
154 422 1.0
155 156 0.707106781187
155 157 1.0
155 161 0.707106781187
155 162 0.707106781187
155 163 1.0
155 165 0.707106781187
155 175 0.707106781187
155 195 0.707106781187
155 197 1.0
155 284 1.0
155 393 1.0
156 157 1.0
156 162 0.707106781187
156 164 1.0
156 165 0.707106781187
156 176 0.707106781187
156 196 0.707106781187
156 198 1.0
156 199 0.707106781187
156 206 0.707106781187
156 264 0.707106781187
156 285 1.0
156 286 0.707106781187
157 163 0.707106781187
157 164 0.707106781187
157 165 1.0
157 177 0.707106781187
157 197 0.707106781187
157 198 0.707106781187
157 199 1.0
157 207 0.707106781187
157 265 0.707106781187
157 284 0.707106781187
157 285 0.707106781187
157 286 1.0
158 159 1.0
158 160 1.0
158 161 0.707106781187
158 166 1.0
158 167 0.707106781187
158 178 0.707106781187
158 192 0.707106781187
158 200 1.0
158 201 0.707106781187
158 202 0.707106781187
158 208 0.707106781187
158 287 1.0
159 160 0.707106781187
159 161 1.0
159 166 0.707106781187
159 167 1.0
159 179 0.707106781187
159 193 0.707106781187
159 201 1.0
159 288 1.0
160 161 1.0
160 162 1.0
160 202 1.0
160 289 1.0
160 407 1.0
160 408 1.0
161 162 0.707106781187
161 163 1.0
161 203 1.0
161 409 1.0
161 423 1.0
162 163 1.0
162 164 1.0
162 165 0.707106781187
162 168 1.0
162 204 1.0
162 290 1.0
163 164 0.707106781187
163 165 1.0
163 169 1.0
163 205 1.0
163 291 1.0
164 165 1.0
164 168 0.707106781187
164 170 1.0
164 183 0.707106781187
164 198 0.707106781187
164 206 1.0
164 424 1.0
165 169 0.707106781187
165 170 0.707106781187
165 199 0.707106781187
165 207 1.0
165 292 1.0
165 410 1.0
166 167 1.0
166 184 0.707106781187
166 200 0.707106781187
166 208 1.0
166 209 0.707106781187
166 210 0.707106781187
166 273 0.707106781187
166 287 0.707106781187
166 293 1.0
166 294 0.707106781187
166 404 1.0
166 408 1.0
167 185 0.707106781187
167 201 0.707106781187
167 208 0.707106781187
167 209 1.0
167 211 0.707106781187
167 274 0.707106781187
167 288 0.707106781187
167 293 0.707106781187
167 294 1.0
167 296 0.707106781187
167 409 1.0
168 169 1.0
168 170 1.0
168 188 0.707106781187
168 204 0.707106781187
168 210 0.707106781187
168 212 1.0
168 213 0.707106781187
168 297 1.0
168 405 1.0
168 408 1.0
169 170 0.707106781187
169 189 0.707106781187
169 205 0.707106781187
169 211 0.707106781187
169 212 0.707106781187
169 298 1.0
169 406 1.0
169 409 1.0
169 410 1.0
169 414 1.0
170 190 0.707106781187
170 206 0.707106781187
170 212 0.707106781187
170 213 1.0
170 214 0.707106781187
170 279 0.707106781187
170 297 0.707106781187
170 299 0.707106781187
170 340 0.707106781187
170 410 1.0
170 425 1.0
171 172 0.707106781187
171 173 1.0
171 178 0.707106781187
171 179 1.0
171 180 0.707106781187
171 192 0.707106781187
171 193 1.0
171 195 0.707106781187
171 201 0.707106781187
171 216 1.0
171 301 1.0
171 411 1.0
172 173 1.0
172 174 1.0
172 175 0.707106781187
172 178 0.707106781187
172 181 0.707106781187
172 194 1.0
172 217 1.0
172 302 1.0
172 411 1.0
172 412 1.0
173 174 0.707106781187
173 175 1.0
173 179 0.707106781187
173 180 1.0
173 182 0.707106781187
173 195 1.0
173 218 1.0
173 303 1.0
174 175 1.0
174 176 1.0
174 177 0.707106781187
174 181 1.0
174 196 1.0
174 219 1.0
174 304 1.0
175 176 0.707106781187
175 177 1.0
175 181 0.707106781187
175 182 1.0
175 197 1.0
175 220 1.0
175 305 1.0
176 177 1.0
176 183 1.0
176 196 0.707106781187
176 198 1.0
176 199 0.707106781187
176 206 0.707106781187
176 219 0.707106781187
176 221 1.0
176 222 0.707106781187
176 306 1.0
177 183 0.707106781187
177 197 0.707106781187
177 198 0.707106781187
177 199 1.0
177 207 0.707106781187
177 222 1.0
177 307 1.0
177 394 1.0
177 413 1.0
178 179 1.0
178 184 1.0
178 185 0.707106781187
178 186 0.707106781187
178 200 1.0
178 223 1.0
178 308 1.0
178 411 1.0
178 412 1.0
179 180 1.0
179 184 0.707106781187
179 185 1.0
179 187 0.707106781187
179 193 0.707106781187
179 201 1.0
179 224 1.0
179 309 1.0
180 182 1.0
180 187 1.0
180 203 1.0
180 225 1.0
180 412 1.0
180 426 1.0
181 182 1.0
181 183 1.0
181 188 1.0
181 204 1.0
181 226 1.0
181 311 1.0
181 412 1.0
182 189 1.0
182 205 1.0
182 227 1.0
182 312 1.0
182 413 1.0
183 190 1.0
183 206 1.0
183 313 1.0
183 413 1.0
183 416 1.0
184 185 1.0
184 186 1.0
184 187 0.707106781187
184 200 0.707106781187
184 208 1.0
184 209 0.707106781187
184 210 0.707106781187
184 223 0.707106781187
184 229 1.0
184 315 1.0
184 404 1.0
185 186 0.707106781187
185 187 1.0
185 201 0.707106781187
185 208 0.707106781187
185 209 1.0
185 211 0.707106781187
185 224 0.707106781187
185 230 1.0
185 316 1.0
186 187 1.0
186 188 1.0
186 189 0.707106781187
186 208 0.707106781187
186 210 1.0
186 231 1.0
186 317 1.0
186 412 1.0
187 188 0.707106781187
187 189 1.0
187 209 0.707106781187
187 211 1.0
187 232 1.0
187 318 1.0
188 189 1.0
188 190 1.0
188 191 0.707106781187
188 212 1.0
188 233 1.0
188 319 1.0
188 405 1.0
189 190 0.707106781187
189 191 1.0
189 320 1.0
189 406 1.0
189 414 1.0
189 417 1.0
190 191 1.0
190 206 0.707106781187
190 212 0.707106781187
190 213 1.0
190 214 0.707106781187
190 233 0.707106781187
190 234 1.0
190 256 0.707106781187
190 279 0.707106781187
190 321 1.0
191 207 0.707106781187
191 213 0.707106781187
191 214 1.0
191 228 0.707106781187
191 234 0.707106781187
191 257 0.707106781187
191 413 1.0
191 418 1.0
191 427 1.0
192 193 1.0
192 194 1.0
192 195 0.707106781187
192 200 1.0
192 201 0.707106781187
192 215 0.707106781187
192 235 1.0
192 236 0.707106781187
192 322 1.0
192 411 1.0
193 194 0.707106781187
193 195 1.0
193 200 0.707106781187
193 201 1.0
193 216 0.707106781187
193 235 0.707106781187
193 236 1.0
193 323 1.0
194 195 1.0
194 196 1.0
194 202 1.0
194 237 1.0
194 324 1.0
194 407 1.0
195 197 1.0
195 203 1.0
195 238 1.0
195 428 1.0
196 197 1.0
196 198 1.0
196 204 1.0
196 239 1.0
196 325 1.0
197 199 1.0
197 205 1.0
197 240 1.0
197 429 1.0
198 199 1.0
198 206 1.0
198 241 1.0
198 430 1.0
199 207 1.0
199 222 0.707106781187
199 240 0.707106781187
199 242 1.0
199 326 1.0
200 201 1.0
200 202 1.0
200 208 1.0
200 243 1.0
200 327 1.0
200 395 1.0
201 203 1.0
201 209 1.0
201 244 1.0
201 328 1.0
202 203 1.0
202 204 1.0
202 210 1.0
202 245 1.0
202 329 1.0
202 412 1.0
203 205 1.0
203 211 1.0
203 246 1.0
203 330 1.0
203 396 1.0
204 205 1.0
204 206 1.0
204 212 1.0
204 331 1.0
204 419 1.0
205 207 1.0
205 247 1.0
205 332 1.0
205 414 1.0
206 207 1.0
206 213 1.0
206 248 1.0
206 431 1.0
207 214 1.0
207 249 1.0
207 333 1.0
207 413 1.0
208 209 1.0
208 210 1.0
208 229 0.707106781187
208 243 0.707106781187
208 250 1.0
208 251 0.707106781187
208 334 1.0
209 211 1.0
209 230 0.707106781187
209 244 0.707106781187
209 251 1.0
209 335 1.0
210 211 1.0
210 212 1.0
210 252 1.0
210 336 1.0
210 408 1.0
211 253 1.0
211 337 1.0
211 397 1.0
211 409 1.0
211 414 1.0
212 213 1.0
212 254 1.0
212 338 1.0
212 414 1.0
213 214 1.0
213 234 0.707106781187
213 248 0.707106781187
213 256 1.0
213 340 1.0
213 398 1.0
214 249 0.707106781187
214 255 0.707106781187
214 257 1.0
214 341 1.0
214 410 1.0
214 414 1.0
215 216 1.0
215 217 1.0
215 218 0.707106781187
215 223 1.0
215 224 0.707106781187
215 235 1.0
215 236 0.707106781187
215 237 0.707106781187
215 243 0.707106781187
215 300 0.707106781187
215 342 1.0
215 343 0.707106781187
215 344 0.707106781187
215 411 1.0
216 217 0.707106781187
216 218 1.0
216 223 0.707106781187
216 224 1.0
216 225 0.707106781187
216 235 0.707106781187
216 236 1.0
216 238 0.707106781187
216 244 0.707106781187
216 301 0.707106781187
216 342 0.707106781187
216 343 1.0
216 345 0.707106781187
216 350 0.707106781187
216 366 0.707106781187
217 218 1.0
217 219 1.0
217 220 0.707106781187
217 223 0.707106781187
217 225 0.707106781187
217 226 0.707106781187
217 235 0.707106781187
217 237 1.0
217 238 0.707106781187
217 344 1.0
217 415 1.0
218 219 0.707106781187
218 220 1.0
218 224 0.707106781187
218 225 1.0
218 227 0.707106781187
218 236 0.707106781187
218 238 1.0
218 345 1.0
219 220 1.0
219 221 1.0
219 222 0.707106781187
219 226 1.0
219 227 0.707106781187
219 237 0.707106781187
219 239 1.0
219 240 0.707106781187
219 241 0.707106781187
219 346 1.0
220 221 0.707106781187
220 222 1.0
220 225 0.707106781187
220 226 0.707106781187
220 227 1.0
220 228 0.707106781187
220 240 1.0
220 347 1.0
221 222 1.0
221 226 0.707106781187
221 228 0.707106781187
221 239 0.707106781187
221 241 1.0
221 242 0.707106781187
221 248 0.707106781187
221 306 0.707106781187
221 346 0.707106781187
221 348 1.0
221 416 1.0
222 227 0.707106781187
222 228 1.0
222 240 0.707106781187
222 241 0.707106781187
222 242 1.0
222 249 0.707106781187
222 307 0.707106781187
222 347 0.707106781187
222 348 0.707106781187
222 356 0.707106781187
222 372 0.707106781187
222 432 1.0
223 224 1.0
223 225 0.707106781187
223 229 1.0
223 230 0.707106781187
223 231 0.707106781187
223 235 0.707106781187
223 243 1.0
223 244 0.707106781187
223 245 0.707106781187
223 349 1.0
223 415 1.0
224 225 1.0
224 229 0.707106781187
224 230 1.0
224 232 0.707106781187
224 236 0.707106781187
224 244 1.0
224 350 1.0
224 399 1.0
225 227 1.0
225 232 1.0
225 246 1.0
225 352 1.0
225 415 1.0
226 227 1.0
226 233 1.0
226 353 1.0
226 400 1.0
226 415 1.0
226 416 1.0
226 419 1.0
227 228 1.0
227 232 0.707106781187
227 233 0.707106781187
227 240 0.707106781187
227 247 1.0
227 354 1.0
227 417 1.0
228 234 0.707106781187
228 242 0.707106781187
228 249 1.0
228 356 1.0
228 401 1.0
228 413 1.0
228 416 1.0
228 418 1.0
229 230 1.0
229 231 1.0
229 232 0.707106781187
229 243 0.707106781187
229 250 1.0
229 251 0.707106781187
229 252 0.707106781187
229 315 0.707106781187
229 349 0.707106781187
229 357 1.0
229 358 0.707106781187
230 231 0.707106781187
230 232 1.0
230 244 0.707106781187
230 250 0.707106781187
230 251 1.0
230 253 0.707106781187
230 316 0.707106781187
230 350 0.707106781187
230 357 0.707106781187
230 358 1.0
231 232 1.0
231 233 1.0
231 250 0.707106781187
231 252 1.0
231 359 1.0
231 415 1.0
232 233 0.707106781187
232 246 0.707106781187
232 253 1.0
232 360 1.0
232 417 1.0
233 234 1.0
233 252 0.707106781187
233 254 1.0
233 255 0.707106781187
233 256 0.707106781187
233 319 0.707106781187
233 361 1.0
233 417 1.0
234 248 0.707106781187
234 254 0.707106781187
234 256 1.0
234 257 0.707106781187
234 321 0.707106781187
234 355 0.707106781187
234 361 0.707106781187
234 363 1.0
234 416 1.0
234 418 1.0
235 236 1.0
235 237 1.0
235 238 0.707106781187
235 243 1.0
235 244 0.707106781187
235 322 0.707106781187
235 342 0.707106781187
235 365 1.0
235 366 0.707106781187
235 367 0.707106781187
236 237 0.707106781187
236 238 1.0
236 243 0.707106781187
236 244 1.0
236 323 0.707106781187
236 343 0.707106781187
236 366 1.0
236 402 1.0
237 238 1.0
237 239 1.0
237 240 0.707106781187
237 245 1.0
237 367 1.0
238 239 0.707106781187
238 240 1.0
238 246 1.0
238 368 1.0
239 240 1.0
239 241 1.0
239 369 1.0
239 419 1.0
240 241 0.707106781187
240 242 1.0
240 247 1.0
240 370 1.0
241 242 1.0
241 248 1.0
241 249 0.707106781187
241 348 0.707106781187
241 369 0.707106781187
241 371 1.0
241 372 0.707106781187
241 379 0.707106781187
242 249 1.0
242 326 0.707106781187
242 370 0.707106781187
242 372 1.0
243 244 1.0
243 245 1.0
243 250 1.0
243 373 1.0
244 246 1.0
244 251 1.0
244 374 1.0
245 246 1.0
245 252 1.0
245 375 1.0
245 415 1.0
245 419 1.0
246 247 1.0
246 253 1.0
246 376 1.0
247 249 1.0
247 255 1.0
247 378 1.0
247 403 1.0
247 419 1.0
248 249 1.0
248 256 1.0
248 379 1.0
248 416 1.0
248 419 1.0
249 255 0.707106781187
249 256 0.707106781187
249 257 1.0
249 333 0.707106781187
249 356 0.707106781187
249 380 1.0
250 251 1.0
250 252 1.0
250 253 0.707106781187
250 334 0.707106781187
250 357 0.707106781187
250 381 1.0
251 253 1.0
251 335 0.707106781187
251 358 0.707106781187
251 382 1.0
252 253 1.0
252 254 1.0
252 383 1.0
253 255 1.0
253 384 1.0
254 255 1.0
254 256 1.0
254 385 1.0
254 419 1.0
255 257 1.0
255 386 1.0
255 414 1.0
255 417 1.0
256 257 1.0
256 340 0.707106781187
256 363 0.707106781187
256 379 0.707106781187
256 385 0.707106781187
256 387 1.0
256 388 0.707106781187
257 341 0.707106781187
257 364 0.707106781187
257 380 0.707106781187
257 386 0.707106781187
257 388 1.0
257 418 1.0
258 259 1.0
258 260 1.0
258 261 0.707106781187
258 266 0.707106781187
258 267 0.707106781187
258 280 1.0
258 281 0.707106781187
258 282 0.707106781187
258 287 0.707106781187
258 300 1.0
258 301 0.707106781187
258 302 0.707106781187
258 308 0.707106781187
258 322 0.707106781187
258 420 1.0
259 260 0.707106781187
259 261 1.0
259 266 1.0
259 268 0.707106781187
259 280 0.707106781187
259 281 1.0
259 283 0.707106781187
259 288 0.707106781187
259 300 0.707106781187
259 301 1.0
259 303 0.707106781187
259 309 0.707106781187
259 323 0.707106781187
259 420 0.707106781187
260 261 1.0
260 262 1.0
260 263 0.707106781187
260 267 1.0
260 268 0.707106781187
260 269 0.707106781187
260 280 0.707106781187
260 282 1.0
260 283 0.707106781187
260 289 0.707106781187
260 300 0.707106781187
260 302 1.0
260 303 0.707106781187
260 304 0.707106781187
260 310 0.707106781187
260 324 0.707106781187
261 262 0.707106781187
261 263 1.0
261 266 0.707106781187
261 267 0.707106781187
261 268 1.0
261 270 0.707106781187
261 281 0.707106781187
261 282 0.707106781187
261 283 1.0
261 284 0.707106781187
261 301 0.707106781187
261 302 0.707106781187
261 303 1.0
261 305 0.707106781187
262 263 1.0
262 264 1.0
262 265 0.707106781187
262 267 0.707106781187
262 269 1.0
262 270 0.707106781187
262 271 0.707106781187
262 282 0.707106781187
262 284 0.707106781187
262 285 0.707106781187
262 290 0.707106781187
262 302 0.707106781187
262 304 1.0
262 305 0.707106781187
262 422 1.0
263 264 0.707106781187
263 265 1.0
263 268 0.707106781187
263 269 0.707106781187
263 270 1.0
263 272 0.707106781187
263 283 0.707106781187
263 284 1.0
263 286 0.707106781187
263 291 0.707106781187
263 303 0.707106781187
263 304 0.707106781187
263 305 1.0
263 307 0.707106781187
264 265 1.0
264 269 0.707106781187
264 271 1.0
264 272 0.707106781187
264 285 1.0
264 286 0.707106781187
264 304 0.707106781187
264 306 1.0
264 307 0.707106781187
264 313 0.707106781187
264 422 0.707106781187
264 424 0.707106781187
264 430 0.707106781187
265 270 0.707106781187
265 271 0.707106781187
265 272 1.0
265 284 0.707106781187
265 285 0.707106781187
265 286 1.0
265 292 0.707106781187
265 305 0.707106781187
265 306 0.707106781187
265 307 1.0
265 314 0.707106781187
265 326 0.707106781187
266 267 0.707106781187
266 268 1.0
266 273 0.707106781187
266 274 1.0
266 276 0.707106781187
266 281 0.707106781187
266 287 0.707106781187
266 288 1.0
266 294 0.707106781187
266 301 0.707106781187
266 308 0.707106781187
266 309 1.0
266 316 0.707106781187
266 420 1.0
267 268 1.0
267 269 1.0
267 270 0.707106781187
267 273 0.707106781187
267 275 1.0
267 276 0.707106781187
267 277 0.707106781187
267 282 0.707106781187
267 287 0.707106781187
267 289 1.0
267 310 1.0
267 420 1.0
268 269 0.707106781187
268 270 1.0
268 274 0.707106781187
268 275 0.707106781187
268 276 1.0
268 278 0.707106781187
268 283 0.707106781187
268 288 0.707106781187
268 423 1.0
268 426 1.0
269 270 1.0
269 271 1.0
269 272 0.707106781187
269 275 0.707106781187
269 277 1.0
269 278 0.707106781187
269 279 0.707106781187
269 289 0.707106781187
269 290 1.0
269 291 0.707106781187
269 311 1.0
270 271 0.707106781187
270 272 1.0
270 276 0.707106781187
270 277 0.707106781187
270 278 1.0
270 284 0.707106781187
270 290 0.707106781187
270 291 1.0
270 292 0.707106781187
270 312 1.0
271 272 1.0
271 277 0.707106781187
271 279 1.0
271 285 0.707106781187
271 290 0.707106781187
271 292 0.707106781187
271 306 0.707106781187
271 311 0.707106781187
271 313 1.0
271 314 0.707106781187
271 321 0.707106781187
271 424 1.0
272 278 0.707106781187
272 279 0.707106781187
272 286 0.707106781187
272 291 0.707106781187
272 292 1.0
272 299 0.707106781187
272 307 0.707106781187
272 312 0.707106781187
272 313 0.707106781187
272 314 1.0
272 333 0.707106781187
272 421 1.0
273 274 1.0
273 275 1.0
273 276 0.707106781187
273 287 0.707106781187
273 293 1.0
273 294 0.707106781187
273 295 0.707106781187
273 308 0.707106781187
273 315 1.0
273 316 0.707106781187
273 317 0.707106781187
273 334 0.707106781187
273 404 1.0
273 420 1.0
274 275 0.707106781187
274 276 1.0
274 288 0.707106781187
274 293 0.707106781187
274 294 1.0
274 296 0.707106781187
274 309 0.707106781187
274 315 0.707106781187
274 316 1.0
274 318 0.707106781187
274 335 0.707106781187
274 404 0.707106781187
274 420 0.707106781187
275 276 1.0
275 277 1.0
275 278 0.707106781187
275 289 0.707106781187
275 293 0.707106781187
275 295 1.0
275 296 0.707106781187
275 297 0.707106781187
275 310 0.707106781187
275 315 0.707106781187
275 317 1.0
275 318 0.707106781187
275 319 0.707106781187
275 336 0.707106781187
275 404 0.707106781187
276 277 0.707106781187
276 278 1.0
276 294 0.707106781187
276 295 0.707106781187
276 296 1.0
276 298 0.707106781187
276 316 0.707106781187
276 317 0.707106781187
276 318 1.0
276 320 0.707106781187
276 337 0.707106781187
277 278 1.0
277 279 1.0
277 290 0.707106781187
277 295 0.707106781187
277 297 1.0
277 298 0.707106781187
277 311 0.707106781187
277 317 0.707106781187
277 319 1.0
277 320 0.707106781187
277 321 0.707106781187
277 338 0.707106781187
277 405 1.0
278 279 0.707106781187
278 291 0.707106781187
278 296 0.707106781187
278 297 0.707106781187
278 298 1.0
278 299 0.707106781187
278 312 0.707106781187
278 318 0.707106781187
278 319 0.707106781187
278 320 1.0
278 406 1.0
278 421 1.0
279 297 0.707106781187
279 299 0.707106781187
279 313 0.707106781187
279 319 0.707106781187
279 321 1.0
279 340 0.707106781187
279 421 1.0
279 424 0.707106781187
279 425 1.0
279 427 0.707106781187
280 281 1.0
280 282 1.0
280 283 0.707106781187
280 287 1.0
280 288 0.707106781187
280 289 0.707106781187
280 300 0.707106781187
280 322 1.0
280 323 0.707106781187
280 324 0.707106781187
280 327 0.707106781187
280 420 0.707106781187
281 282 0.707106781187
281 283 1.0
281 287 0.707106781187
281 288 1.0
281 301 0.707106781187
281 322 0.707106781187
281 323 1.0
281 328 0.707106781187
281 423 0.707106781187
281 428 0.707106781187
282 283 1.0
282 284 0.707106781187
282 287 0.707106781187
282 289 1.0
282 290 0.707106781187
282 302 0.707106781187
282 322 0.707106781187
282 324 1.0
282 325 0.707106781187
282 407 1.0
282 422 1.0
283 284 1.0
283 288 0.707106781187
283 289 0.707106781187
283 291 0.707106781187
283 303 0.707106781187
283 323 0.707106781187
283 324 0.707106781187
283 330 0.707106781187
283 423 1.0
283 428 1.0
284 285 0.707106781187
284 286 1.0
284 290 0.707106781187
284 291 1.0
284 292 0.707106781187
284 305 0.707106781187
284 325 0.707106781187
284 326 0.707106781187
284 422 1.0
284 429 1.0
285 286 1.0
285 290 0.707106781187
285 292 0.707106781187
285 306 0.707106781187
285 325 0.707106781187
285 326 0.707106781187
285 422 1.0
285 424 1.0
285 430 1.0
285 431 0.707106781187
286 291 0.707106781187
286 292 1.0
286 307 0.707106781187
286 326 1.0
286 333 0.707106781187
286 422 0.707106781187
286 424 0.707106781187
286 429 0.707106781187
286 430 0.707106781187
287 288 1.0
287 289 1.0
287 293 1.0
287 294 0.707106781187
287 295 0.707106781187
287 308 0.707106781187
287 322 0.707106781187
287 327 1.0
287 328 0.707106781187
287 420 1.0
288 289 0.707106781187
288 293 0.707106781187
288 294 1.0
288 296 0.707106781187
288 309 0.707106781187
288 323 0.707106781187
288 327 0.707106781187
288 328 1.0
288 423 1.0
289 290 1.0
289 291 0.707106781187
289 293 0.707106781187
289 295 1.0
289 296 0.707106781187
289 297 0.707106781187
289 329 1.0
289 423 1.0
290 291 1.0
290 292 0.707106781187
290 297 1.0
290 331 1.0
290 422 1.0
290 424 1.0
291 292 1.0
291 296 0.707106781187
291 298 1.0
291 332 1.0
291 423 1.0
292 298 0.707106781187
292 299 1.0
292 314 0.707106781187
292 326 0.707106781187
292 332 0.707106781187
292 333 1.0
292 341 0.707106781187
292 410 0.707106781187
292 424 1.0
293 294 1.0
293 295 1.0
293 296 0.707106781187
293 315 0.707106781187
293 327 0.707106781187
293 334 1.0
293 335 0.707106781187
293 336 0.707106781187
293 404 0.707106781187
293 420 0.707106781187
294 295 0.707106781187
294 296 1.0
294 316 0.707106781187
294 328 0.707106781187
294 334 0.707106781187
294 335 1.0
294 337 0.707106781187
295 296 1.0
295 297 1.0
295 298 0.707106781187
295 317 0.707106781187
295 329 0.707106781187
295 334 0.707106781187
295 336 1.0
295 337 0.707106781187
295 408 1.0
296 297 0.707106781187
296 298 1.0
296 318 0.707106781187
296 330 0.707106781187
296 335 0.707106781187
296 337 1.0
296 409 1.0
296 423 1.0
297 298 1.0
297 299 0.707106781187
297 319 0.707106781187
297 331 0.707106781187
297 336 0.707106781187
297 338 1.0
297 339 0.707106781187
297 340 0.707106781187
297 425 1.0
298 299 1.0
298 320 0.707106781187
298 332 0.707106781187
298 337 0.707106781187
298 338 0.707106781187
298 339 1.0
298 341 0.707106781187
298 410 0.707106781187
299 333 0.707106781187
299 339 0.707106781187
299 340 0.707106781187
299 341 1.0
299 410 1.0
299 421 1.0
299 424 0.707106781187
299 425 1.0
299 427 0.707106781187
300 301 1.0
300 302 1.0
300 303 0.707106781187
300 308 1.0
300 309 0.707106781187
300 310 0.707106781187
300 322 1.0
300 323 0.707106781187
300 324 0.707106781187
300 327 0.707106781187
300 342 1.0
300 343 0.707106781187
300 344 0.707106781187
300 411 1.0
301 302 0.707106781187
301 303 1.0
301 308 0.707106781187
301 309 1.0
301 322 0.707106781187
301 323 1.0
301 328 0.707106781187
301 342 0.707106781187
301 343 1.0
301 345 0.707106781187
301 350 0.707106781187
301 366 0.707106781187
302 303 1.0
302 304 1.0
302 305 0.707106781187
302 308 0.707106781187
302 310 1.0
302 311 0.707106781187
302 322 0.707106781187
302 324 1.0
302 325 0.707106781187
302 344 1.0
303 304 0.707106781187
303 305 1.0
303 309 0.707106781187
303 310 0.707106781187
303 345 1.0
303 426 1.0
303 428 1.0
304 305 1.0
304 306 1.0
304 307 0.707106781187
304 310 0.707106781187
304 311 1.0
304 312 0.707106781187
304 313 0.707106781187
304 325 1.0
304 346 1.0
305 306 0.707106781187
305 307 1.0
305 311 0.707106781187
305 312 1.0
305 314 0.707106781187
305 347 1.0
305 429 1.0
306 307 1.0
306 313 1.0
306 314 0.707106781187
306 325 0.707106781187
306 326 0.707106781187
306 346 0.707106781187
306 348 1.0
306 355 0.707106781187
306 430 1.0
307 313 0.707106781187
307 314 1.0
307 326 1.0
307 333 0.707106781187
307 347 0.707106781187
307 348 0.707106781187
307 356 0.707106781187
307 372 0.707106781187
307 432 1.0
308 309 1.0
308 310 1.0
308 315 1.0
308 316 0.707106781187
308 317 0.707106781187
308 322 0.707106781187
308 327 1.0
308 328 0.707106781187
308 349 1.0
308 420 1.0
309 315 0.707106781187
309 316 1.0
309 318 0.707106781187
309 328 1.0
309 350 1.0
309 426 1.0
310 311 1.0
310 317 1.0
310 329 1.0
310 351 1.0
310 412 1.0
310 426 1.0
311 312 1.0
311 313 1.0
311 319 1.0
311 331 1.0
311 353 1.0
312 314 1.0
312 320 1.0
312 332 1.0
312 354 1.0
312 426 1.0
313 314 1.0
313 319 0.707106781187
313 321 1.0
313 331 0.707106781187
313 333 0.707106781187
313 340 0.707106781187
313 355 1.0
313 431 1.0
314 320 0.707106781187
314 321 0.707106781187
314 333 1.0
314 356 1.0
314 413 1.0
314 427 1.0
315 316 1.0
315 317 1.0
315 318 0.707106781187
315 327 0.707106781187
315 334 1.0
315 335 0.707106781187
315 336 0.707106781187
315 349 0.707106781187
315 357 1.0
315 358 0.707106781187
315 359 0.707106781187
316 317 0.707106781187
316 318 1.0
316 328 0.707106781187
316 334 0.707106781187
316 335 1.0
316 337 0.707106781187
316 350 0.707106781187
316 357 0.707106781187
316 358 1.0
317 318 1.0
317 319 1.0
317 320 0.707106781187
317 336 1.0
317 359 1.0
318 320 1.0
318 337 1.0
318 360 1.0
318 426 1.0
319 320 1.0
319 321 1.0
319 338 1.0
319 361 1.0
320 321 0.707106781187
320 337 0.707106781187
320 338 0.707106781187
320 339 1.0
320 341 0.707106781187
320 362 1.0
320 427 1.0
321 338 0.707106781187
321 340 1.0
321 341 0.707106781187
321 355 0.707106781187
321 361 0.707106781187
321 363 1.0
321 364 0.707106781187
321 387 0.707106781187
321 427 1.0
322 323 1.0
322 324 1.0
322 327 1.0
322 328 0.707106781187
322 342 0.707106781187
322 365 1.0
322 366 0.707106781187
322 367 0.707106781187
323 324 0.707106781187
323 327 0.707106781187
323 328 1.0
323 343 0.707106781187
323 366 1.0
323 428 1.0
324 325 1.0
324 329 1.0
324 367 1.0
324 428 1.0
325 331 1.0
325 369 1.0
325 422 1.0
325 429 1.0
325 430 1.0
326 333 1.0
326 370 0.707106781187
326 371 0.707106781187
326 372 1.0
326 429 1.0
326 430 1.0
327 328 1.0
327 329 1.0
327 334 1.0
327 373 1.0
328 330 1.0
328 335 1.0
328 374 1.0
329 330 1.0
329 331 1.0
329 336 1.0
329 375 1.0
330 332 1.0
330 337 1.0
330 376 1.0
330 423 1.0
330 426 1.0
330 428 1.0
331 332 1.0
331 338 1.0
331 377 1.0
331 431 1.0
332 333 1.0
332 339 1.0
332 378 1.0
332 429 1.0
333 340 0.707106781187
333 341 1.0
333 380 1.0
333 431 1.0
334 335 1.0
334 336 1.0
334 337 0.707106781187
334 357 0.707106781187
334 381 1.0
335 337 1.0
335 358 0.707106781187
335 382 1.0
336 337 1.0
336 338 1.0
336 383 1.0
337 339 1.0
337 384 1.0
338 339 1.0
338 340 1.0
338 385 1.0
339 341 1.0
339 386 1.0
339 414 1.0
340 341 1.0
340 363 0.707106781187
340 379 0.707106781187
340 385 0.707106781187
340 387 1.0
340 425 1.0
340 431 1.0
341 364 0.707106781187
341 380 0.707106781187
341 386 0.707106781187
341 387 0.707106781187
341 388 1.0
341 410 0.707106781187
341 427 1.0
342 343 1.0
342 344 1.0
342 345 0.707106781187
342 349 1.0
342 350 0.707106781187
342 351 0.707106781187
342 365 1.0
342 366 0.707106781187
342 367 0.707106781187
342 373 0.707106781187
343 344 0.707106781187
343 345 1.0
343 349 0.707106781187
343 350 1.0
343 352 0.707106781187
343 365 0.707106781187
343 366 1.0
343 368 0.707106781187
343 374 0.707106781187
344 345 1.0
344 346 1.0
344 347 0.707106781187
344 349 0.707106781187
344 351 1.0
344 352 0.707106781187
344 353 0.707106781187
344 365 0.707106781187
344 367 1.0
344 368 0.707106781187
345 346 0.707106781187
345 347 1.0
345 350 0.707106781187
345 351 0.707106781187
345 352 1.0
345 354 0.707106781187
345 366 0.707106781187
345 367 0.707106781187
345 368 1.0
345 370 0.707106781187
346 347 1.0
346 348 1.0
346 351 0.707106781187
346 353 1.0
346 354 0.707106781187
346 355 0.707106781187
346 367 0.707106781187
346 369 1.0
346 370 0.707106781187
347 348 0.707106781187
347 352 0.707106781187
347 353 0.707106781187
347 354 1.0
347 356 0.707106781187
347 368 0.707106781187
347 369 0.707106781187
347 370 1.0
347 432 1.0
348 353 0.707106781187
348 355 1.0
348 356 0.707106781187
348 369 0.707106781187
348 371 1.0
348 372 0.707106781187
348 379 0.707106781187
348 430 0.707106781187
348 432 1.0
349 350 1.0
349 351 1.0
349 352 0.707106781187
349 357 1.0
349 358 0.707106781187
349 359 0.707106781187
349 365 0.707106781187
349 373 1.0
349 374 0.707106781187
350 351 0.707106781187
350 352 1.0
350 357 0.707106781187
350 358 1.0
350 360 0.707106781187
350 366 0.707106781187
350 373 0.707106781187
350 374 1.0
351 352 1.0
351 353 1.0
351 354 0.707106781187
351 359 1.0
351 375 1.0
351 415 1.0
352 354 1.0
352 360 1.0
352 376 1.0
352 426 1.0
353 354 1.0
353 355 1.0
353 356 0.707106781187
353 359 0.707106781187
353 361 1.0
353 377 1.0
354 355 0.707106781187
354 356 1.0
354 360 0.707106781187
354 362 1.0
354 378 1.0
355 356 1.0
355 361 0.707106781187
355 363 1.0
355 364 0.707106781187
355 371 0.707106781187
355 377 0.707106781187
355 379 1.0
355 380 0.707106781187
355 416 1.0
356 362 0.707106781187
356 363 0.707106781187
356 364 1.0
356 372 0.707106781187
356 378 0.707106781187
356 379 0.707106781187
356 380 1.0
356 388 0.707106781187
356 432 1.0
357 358 1.0
357 359 1.0
357 360 0.707106781187
357 373 0.707106781187
357 381 1.0
357 382 0.707106781187
357 383 0.707106781187
358 359 0.707106781187
358 360 1.0
358 374 0.707106781187
358 381 0.707106781187
358 382 1.0
358 384 0.707106781187
359 360 1.0
359 361 1.0
359 362 0.707106781187
359 375 0.707106781187
359 381 0.707106781187
359 383 1.0
360 361 0.707106781187
360 362 1.0
360 376 0.707106781187
360 382 0.707106781187
360 383 0.707106781187
360 384 1.0
361 362 1.0
361 363 1.0
361 364 0.707106781187
361 383 0.707106781187
361 385 1.0
362 363 0.707106781187
362 364 1.0
362 378 0.707106781187
362 384 0.707106781187
362 385 0.707106781187
362 386 1.0
362 417 1.0
363 364 1.0
363 379 0.707106781187
363 385 0.707106781187
363 387 1.0
363 388 0.707106781187
363 418 0.707106781187
363 427 0.707106781187
364 380 0.707106781187
364 386 0.707106781187
364 387 0.707106781187
364 388 1.0
364 418 1.0
364 427 1.0
365 366 1.0
365 367 1.0
365 368 0.707106781187
365 373 1.0
365 374 0.707106781187
366 367 0.707106781187
366 368 1.0
366 373 0.707106781187
366 374 1.0
367 368 1.0
367 369 1.0
367 370 0.707106781187
367 373 0.707106781187
367 375 1.0
368 369 0.707106781187
368 370 1.0
368 374 0.707106781187
368 376 1.0
368 428 1.0
369 370 1.0
369 371 1.0
369 372 0.707106781187
369 377 1.0
369 379 0.707106781187
370 371 0.707106781187
370 372 1.0
370 378 1.0
370 429 1.0
371 372 1.0
371 379 1.0
371 380 0.707106781187
371 430 1.0
371 432 0.707106781187
372 379 0.707106781187
372 380 1.0
372 430 0.707106781187
372 432 1.0
373 374 1.0
373 375 1.0
373 381 1.0
374 376 1.0
374 382 1.0
375 376 1.0
375 377 1.0
375 383 1.0
376 378 1.0
376 384 1.0
377 378 1.0
377 379 1.0
377 385 1.0
377 419 1.0
378 380 1.0
378 386 1.0
379 380 1.0
379 385 0.707106781187
379 387 1.0
379 388 0.707106781187
379 431 1.0
380 386 0.707106781187
380 388 1.0
381 382 1.0
381 383 1.0
382 384 1.0
383 384 1.0
383 385 1.0
384 386 1.0
385 386 1.0
385 387 1.0
386 388 1.0
387 388 1.0
388 418 0.707106781187
389 392 1.0
391 406 1.0
392 407 1.0
396 397 1.0
405 406 1.0
408 409 1.0
412 415 1.0
417 418 1.0
421 425 0.707106781187
421 427 1.0
424 425 1.0
424 431 1.0
428 429 1.0
430 431 1.0
