
53 145 185 211 222 231 236 245 286 288 337 
41 44 63 78 128 215 265 285 300 326 329 350 376 430 473 506 573 585 594 606 639 680 693 705 747 768 831 851 854 910 966 
15 17 99 119 121 122 163 194 240 249 257 270 418 428 446 488 602 609 647 689 712 726 774 807 875 973 
12 20 48 66 109 122 210 218 289 319 322 389 407 422 424 592 596 623 627 669 707 734 748 779 853 868 891 966 970 982 
28 43 51 61 183 271 277 309 341 367 432 451 460 485 553 556 564 565 665 720 767 818 833 857 967 
85 132 154 190 332 340 348 353 411 490 492 612 621 625 659 849 989 
112 138 141 189 326 336 365 374 454 538 567 582 586 591 626 661 687 701 745 760 776 781 822 824 825 838 861 865 884 887 893 922 954 966 
80 113 125 151 235 278 345 355 395 406 443 468 595 678 917 
32 59 87 95 115 127 227 250 254 371 412 484 491 599 645 682 695 718 725 754 792 795 805 825 830 833 848 849 850 859 864 879 904 914 917 942 
24 37 57 84 98 106 175 214 251 289 314 335 358 361 410 427 472 551 608 632 633 675 688 752 759 764 766 775 795 822 827 842 892 896 929 930 956 974 987 993 994 999 
14 30 56 135 282 314 397 404 440 481 486 526 532 546 619 624 728 732 735 743 778 784 788 789 795 809 813 882 975 982 984 990 
105 126 233 273 323 338 364 377 402 439 450 707 805 994 
15 55 81 130 147 196 198 237 293 327 349 391 423 433 480 515 528 547 566 622 739 786 802 805 815 857 876 976 
3 8 72 83 91 158 200 201 220 470 513 534 572 616 674 723 946 990 
19 25 64 103 104 124 166 186 189 238 242 251 252 283 289 293 333 352 393 494 504 508 512 531 550 555 558 594 617 664 678 692 697 780 817 849 857 863 867 899 911 912 919 943 950 960 969 978 988 1000 
36 40 160 202 307 308 317 339 401 429 447 474 476 498 517 527 589 637 673 751 758 762 769 811 
147 162 167 239 246 304 390 415 452 455 473 479 514 524 535 549 553 600 618 637 668 670 685 690 700 715 741 761 781 785 787 803 812 862 869 901 902 909 920 923 946 957 977 986 
50 90 93 95 102 142 143 165 178 197 272 276 291 305 370 416 431 500 502 514 613 615 641 661 771 773 783 801 858 897 949 952 960 970 
73 74 114 252 267 284 388 392 417 464 539 544 593 597 623 629 643 659 817 
13 24 65 86 133 171 193 212 213 259 324 383 456 487 505 545 554 679 716 740 746 757 770 810 840 856 871 874 
9 22 33 62 136 142 148 180 214 248 296 318 334 433 489 506 576 604 634 640 650 657 661 717 755 800 801 816 828 833 859 870 872 875 876 889 894 946 971 972 985 992 
47 95 100 122 134 140 204 209 216 421 448 960 973 
20 60 71 110 144 159 187 274 298 303 328 379 394 409 434 436 449 457 458 480 506 553 588 590 607 619 638 709 727 729 731 749 787 810 835 880 888 927 928 938 939 954 955 962 963 970 975 987 989 996 
26 49 151 214 225 327 344 473 475 483 512 548 664 676 703 706 708 722 730 750 791 799 808 819 824 860 877 878 880 881 924 925 940 987 
24 31 36 206 207 252 306 310 351 354 356 359 407 511 543 563 568 655 698 704 711 742 790 829 834 835 873 885 895 905 906 913 975 
35 107 116 220 241 253 301 374 396 403 413 444 512 514 540 541 571 577 684 686 691 737 801 
76 108 151 292 314 315 381 389 425 560 578 602 603 610 631 652 678 710 736 772 807 823 824 852 864 866 990 
4 46 155 171 208 243 247 275 387 400 445 496 637 786 
15 58 76 123 157 262 316 331 343 374 375 407 441 460 570 580 667 671 672 
10 18 82 96 181 255 258 294 309 379 741 
6 23 170 176 229 260 264 280 325 389 440 453 525 530 559 584 
5 29 36 89 131 146 172 182 226 807 
16 32 142 221 279 299 313 369 372 382 440 462 781 859 
27 34 261 290 326 342 347 437 461 471 477 480 507 620 633 644 653 654 663 664 707 714 715 756 814 825 832 841 843 855 876 883 886 890 907 935 937 945 947 948 952 967 991 995 
11 45 217 219 223 269 297 311 373 380 469 482 510 518 537 562 587 619 648 702 703 766 782 820 836 839 844 845 847 864 898 903 918 933 941 952 965 979 980 981 997 
77 79 94 147 173 256 327 357 363 366 398 519 533 557 867 
111 117 129 168 191 195 199 623 657 920 
21 38 88 92 153 169 320 321 405 414 420 459 522 536 564 583 611 630 651 659 723 724 777 797 798 817 821 916 930 931 944 954 973 988 994 
54 68 70 76 101 156 161 251 266 360 465 509 516 523 552 594 601 835 840 
1 42 75 120 139 152 165 224 230 281 293 330 346 378 386 399 433 460 463 497 569 598 614 642 666 713 723 741 753 763 786 787 796 804 826 846 900 920 921 934 958 959 968 976 982 983 988 998 
69 137 174 179 189 203 205 268 287 426 442 478 501 503 529 542 636 696 721 744 793 810 
149 150 165 171 184 312 317 362 435 467 499 581 628 635 646 649 657 658 677 681 683 694 699 733 765 794 837 867 884 917 936 951 953 961 964 984 989 
20 32 39 177 188 220 228 317 368 384 385 419 438 466 521 561 564 575 633 656 660 703 715 719 738 806 822 840 875 880 908 915 926 930 932 
2 7 97 164 192 232 234 244 302 309 984 
52 67 118 263 295 379 408 493 495 520 574 579 602 605 662 766 884 967 976 



























































































































































































































































































































































































































































































































































































































































































































































































































































































































































































