1	14 
2	6 8 20 
3	21 
4	1 
5	18 
6	2 
7	13 15 19 
8	19 
9	3 
10	13 
11	20 
12	14 
13	9 
14	6 
15	6 
16	20 
17	3 
18	10 
19	14 
20	19 
21	2 
22	9 
23	3 
24	16 
25	12 
26	17 
27	2 
28	10 
29	13 
30	3 
31	3 
32	17 
33	13 
34	12 
35	6 16 22 
36	21 
37	17 
38	18 
39	3 
40	17 
41	20 
42	11 
43	10 
44	5 13 19 
45	11 
46	4 
47	8 
48	14 
49	19 
50	10 
51	7 
52	21 
53	17 
54	15 
55	16 
56	6 
57	15 
58	15 
59	14 
60	7 
61	10 
62	7 
63	11 
64	19 
65	1 3 12 
66	20 
67	3 
68	19 
69	17 
70	22 
71	12 17 19 
72	7 10 12 
73	1 
74	20 
75	16 
76	10 
77	13 
78	17 
79	14 
80	12 
81	1 
82	3 12 22 
83	6 
84	4 
85	11 
86	18 
87	3 
88	13 
89	12 
90	10 
91	9 
92	16 
93	3 
94	15 
95	9 
96	5 
97	2 
98	12 
99	7 17 19 
100	10 20 21 
101	19 
102	4 
103	22 
104	20 
105	14 
106	15 
107	11 
108	7 
109	16 
110	16 
111	16 
112	12 
113	16 
114	2 
115	10 
116	9 
117	20 
118	2 15 18 
119	5 
120	6 
121	15 
122	8 
123	13 
124	12 
125	12 
126	16 
127	3 
128	3 15 21 
129	14 17 20 
130	15 
131	9 20 22 
132	3 
133	14 
134	22 
135	8 
136	9 
137	6 15 18 
138	21 
139	15 
140	18 
141	3 
142	2 3 21 
143	10 
144	2 9 20 
145	1 
146	10 
147	22 
148	15 
149	1 13 14 
150	20 
151	3 
152	17 
153	17 
154	4 
155	9 
156	2 
157	18 
158	3 
159	3 
160	17 
161	15 
162	1 3 14 
163	1 
164	15 
165	20 
166	1 
167	15 
168	13 15 19 
169	3 
170	5 13 20 
171	20 
172	7 
173	16 
174	9 
175	20 
176	19 
177	9 
178	3 10 19 
179	12 
180	5 
181	5 14 19 
182	3 
183	19 
184	8 
185	10 
186	14 
187	8 
188	21 
189	10 
190	19 
191	12 
192	7 
193	3 
194	5 
195	3 
196	15 
197	9 
198	15 
199	19 
200	13 
201	7 
202	14 
203	11 
204	6 17 20 
205	7 
206	15 
207	11 
208	19 
209	14 
210	10 15 19 
211	20 
212	5 
213	19 
214	5 13 19 
215	2 
216	11 
217	12 
218	15 
219	6 
220	19 
221	10 
222	5 
223	12 
224	14 
225	17 
226	10 
227	12 
228	3 
229	3 
230	10 
231	19 
232	16 
233	22 
234	6 
235	16 
236	5 
237	1 
238	10 
239	8 
240	15 
241	11 
242	8 
243	3 
244	17 
245	3 
246	20 
247	1 
248	12 
249	2 
250	5 
251	17 
252	3 
253	20 
254	20 
255	5 
256	16 
257	1 
258	8 
259	15 
260	4 
261	21 
262	3 
263	17 
264	9 
265	16 
266	7 
267	2 3 15 
268	19 
269	20 
270	3 
271	4 
272	17 
273	12 
274	15 
275	6 10 15 
276	13 
277	6 7 18 
278	13 
279	3 
280	12 
281	21 
282	3 
283	19 
284	22 
285	14 
286	6 
287	10 
288	10 
289	15 
290	15 
291	20 
292	7 
293	15 
294	13 
295	3 
296	9 
297	15 
298	12 
299	5 
300	1 7 14 
301	22 
302	11 
303	15 
304	12 
305	17 
306	9 
307	22 
308	5 
309	16 
310	9 
311	19 
312	12 
313	1 
314	2 16 20 
315	21 
316	2 
317	3 4 15 
318	15 
319	19 
320	19 
321	13 
322	1 
323	8 
324	15 
325	6 
326	1 
327	5 15 17 
328	4 5 6 
329	8 
330	3 
331	9 
332	20 
333	17 
334	5 
335	2 
336	20 
337	19 
338	21 
339	21 
340	1 
341	20 
342	1 3 4 
343	16 
344	10 
345	9 
346	1 4 7 
347	10 
348	22 
349	4 5 9 
350	7 17 22 
351	20 
352	15 
353	3 
354	15 
355	2 7 10 
356	5 
357	22 
358	6 10 12 
359	3 
360	9 
361	15 
362	14 
363	20 
364	16 
365	1 
366	13 
367	13 
368	8 
369	1 
370	11 
371	12 
372	1 3 19 
373	12 
374	21 
375	19 
376	21 
377	15 
378	1 
379	3 
380	2 
381	1 
382	20 
383	18 
384	13 
385	3 
386	9 
387	6 
388	2 
389	7 
390	19 
391	10 
392	22 
393	1 
394	16 
395	9 
396	11 
397	19 
398	1 3 5 
399	17 
400	3 
401	2 
402	19 
403	12 
404	9 
405	16 
406	12 
407	19 
408	18 
409	15 
410	17 
411	17 
412	19 
413	6 
414	12 
415	15 
416	6 
417	3 
418	5 
419	21 
420	3 
421	17 
422	18 
423	3 
424	1 
425	5 
426	5 
427	14 
428	14 
429	10 
430	1 
431	1 
432	17 
433	10 12 15 
434	17 
435	12 
436	7 
437	21 
438	3 
439	5 
440	12 
441	6 
442	6 
443	9 
444	17 
445	21 
446	5 
447	1 
448	12 
449	1 
450	4 
451	6 
452	7 
453	6 
454	5 
455	15 
456	6 
457	20 
458	1 3 22 
459	13 
460	2 10 12 
461	1 
462	13 17 19 
463	20 
464	12 
465	10 
466	14 
467	9 
468	3 12 15 
469	17 
470	13 
471	13 
472	1 
473	3 8 22 
474	16 
475	21 
476	19 
477	15 
478	6 
479	16 
480	17 
481	4 
482	15 
483	3 
484	12 
485	16 
486	10 
487	10 
488	21 
489	14 
490	10 14 19 
491	9 
492	22 
493	3 
494	20 
495	17 
496	14 
497	14 
498	6 
499	21 
500	20 
501	2 
502	16 
503	19 
504	4 
505	3 7 19 
506	20 
507	1 
508	6 
509	4 
510	15 
511	12 
512	12 
513	2 
514	2 11 12 
515	20 
516	20 
517	1 
518	6 
519	15 
520	14 
521	1 10 20 
522	15 
523	2 8 20 
524	3 15 20 
525	14 
526	8 
527	13 
528	9 
529	20 
530	20 
531	20 
532	19 
533	15 
534	3 
535	3 11 12 
536	20 
537	7 
538	15 
539	18 
540	15 
541	6 
542	12 
543	13 
544	6 
545	20 
546	12 
547	17 
548	14 
549	9 
550	20 
551	21 
552	13 
553	1 7 10 
554	7 
555	17 
556	12 
557	1 
558	8 
559	9 
560	10 18 19 
561	15 
562	12 
563	9 
564	21 
565	14 
566	16 
567	17 
568	14 
569	1 
570	14 
571	22 
572	17 
573	15 
574	6 15 20 
575	19 
576	10 
577	10 
578	19 
579	3 
580	20 
581	3 
582	14 
583	2 
584	9 
585	15 
586	2 
587	10 
588	3 
589	12 
590	8 
591	6 
592	4 
593	20 
594	12 
595	1 
596	15 
597	1 
598	15 
599	9 
600	10 
601	4 
602	10 
603	17 
604	15 
605	4 
606	9 19 20 
607	19 
608	10 
609	13 
610	7 
611	15 
612	21 
613	19 
614	13 
615	22 
616	15 
617	6 
618	21 
619	3 
620	12 14 15 
621	17 
622	11 
623	19 
624	3 
625	18 
626	9 
627	8 
628	14 
629	13 
630	3 10 19 
631	19 
632	18 
633	6 
634	6 12 21 
635	16 
636	6 
637	2 12 21 
638	7 
639	15 
640	5 
641	7 
642	12 
643	6 
644	3 
645	15 
646	19 
647	4 
648	12 
649	10 
650	8 
651	1 
652	6 
653	3 12 14 
654	15 
655	18 
656	6 21 22 
657	15 
658	4 
659	20 
660	16 
661	13 
662	21 
663	17 
664	21 
665	14 
666	22 
667	3 
668	2 
669	15 
670	14 
671	20 
672	10 
673	2 
674	20 
675	3 
676	4 
677	22 
678	5 
679	4 
680	12 14 17 
681	1 
682	10 
683	10 14 19 
684	10 
685	7 
686	13 
687	7 
688	13 
689	17 
690	21 
691	12 
692	8 
693	20 
694	6 11 20 
695	8 
696	10 17 19 
697	1 
698	19 
699	13 
700	6 
701	9 
702	20 
703	15 
704	13 
705	3 
706	6 10 15 
707	7 
708	16 
709	9 
710	3 
711	15 
712	3 13 18 
713	16 
714	10 
715	21 
716	19 
717	3 
718	9 
719	3 
720	17 
721	18 
722	14 
723	19 
724	3 
725	9 
726	13 
727	8 14 17 
728	1 
729	2 
730	17 
731	1 
732	18 
733	14 
734	4 
735	17 
736	20 
737	16 
738	3 
739	19 
740	17 
741	20 
742	10 
743	20 
744	2 
745	9 
746	1 
747	2 3 20 
748	6 
749	15 
750	4 
751	5 
752	21 
753	4 
754	18 
755	11 
756	17 
757	15 
758	19 
759	14 
760	6 18 19 
761	20 
762	11 
763	20 
764	3 
765	14 
766	12 
767	9 
768	3 
769	15 
770	20 
771	13 
772	17 
773	4 
774	19 
775	6 
776	6 
777	1 
778	15 
779	17 
780	21 
781	8 
782	10 
783	14 
784	13 
785	9 
786	7 
787	12 
788	4 
789	3 
790	3 4 9 
791	12 
792	1 
793	4 
794	3 4 20 
795	7 
796	14 
797	20 
798	1 
799	4 
800	9 
801	14 
802	1 
803	14 
804	17 
805	4 
806	15 
807	1 
808	20 
809	7 12 15 
810	9 
811	15 
812	12 
813	16 
814	10 
815	15 
816	5 14 19 
817	21 
818	8 
819	16 
820	6 15 20 
821	5 
822	14 
823	6 16 19 
824	16 
825	12 
826	19 
827	6 
828	4 
829	19 
830	19 
831	3 
832	5 
833	21 
834	19 
835	20 
836	20 
837	21 
838	15 
839	3 
840	2 
841	7 
842	20 
843	21 
844	15 
845	9 
846	16 
847	5 
848	3 
849	13 
850	21 
851	21 
852	16 
853	5 
854	21 
855	9 
856	19 
857	17 
858	19 
859	1 15 19 
860	9 
861	5 
862	13 15 20 
863	14 
864	2 
865	13 
866	15 
867	13 
868	10 
869	15 
870	9 14 19 
871	15 
872	1 4 5 
873	14 
874	16 
875	5 
876	20 
877	16 
878	6 
879	13 
880	10 
881	5 
882	13 
883	21 
884	19 
885	17 
886	2 
887	20 
888	7 
889	20 
890	1 
891	3 9 16 
892	1 
893	7 
894	20 
895	3 
896	7 
897	19 
898	20 
899	10 
900	2 
901	9 
902	17 
903	4 
904	6 
905	1 
906	3 
907	20 
908	2 
909	2 
910	3 5 21 
911	5 
912	3 16 17 
913	15 
914	10 
915	21 
916	16 
917	2 
918	19 
919	1 
920	11 20 22 
921	20 
922	4 
923	19 
924	13 
925	17 
926	9 
927	20 
928	2 
929	12 
930	15 
931	15 
932	10 
933	10 
934	14 
935	6 
936	10 
937	17 
938	1 4 19 
939	20 
940	7 
941	3 
942	20 
943	15 
944	6 
945	6 
946	6 
947	9 
948	9 10 13 
949	14 
950	9 11 15 
951	2 7 21 
952	1 3 10 
953	7 
954	4 
955	15 
956	10 
957	1 
958	2 
959	15 
960	3 8 13 
961	21 
962	21 
963	9 17 20 
964	20 
965	17 
966	20 
967	20 
968	5 
969	2 3 20 
970	6 
971	4 
972	3 
973	10 
974	12 
975	16 
976	12 
977	20 
978	6 
979	5 11 15 
980	19 
981	3 
982	2 15 17 
983	1 
984	1 
985	17 
986	1 
987	15 
988	2 9 13 
989	21 
990	21 
991	9 12 21 
992	12 
993	19 
994	16 
995	19 
996	17 
997	2 
998	3 
999	19 
1000	17 
