7 9 22 29 48 69 72 112 113 116 129 135 150 166 189 208 215 226 235 247 273 295 296 301 311 338 366 379 401 409 410 435 450 453 455 458 467 504 512 522 608 643 701 702 782 847 856 886 903 980 981 987 
15 28 37 51 61 64 102 125 159 181 188 202 204 211 230 278 328 335 340 345 353 360 406 434 443 461 488 490 506 508 538 551 567 593 594 644 652 670 693 700 717 736 738 743 773 815 851 871 894 895 911 930 945 947 951 961 985 999 
4 59 68 130 153 160 174 193 251 253 261 288 294 314 331 364 368 373 390 393 411 419 479 505 509 510 533 544 564 618 620 626 636 639 658 673 675 695 726 753 841 852 860 866 874 881 882 919 922 929 940 969 982 984 998 
2 3 47 53 94 106 158 163 173 228 239 271 290 297 387 440 582 583 619 667 668 696 723 732 737 769 790 816 857 875 884 887 896 902 905 
8 13 70 96 100 103 115 134 148 178 180 191 206 225 231 276 307 322 324 420 438 441 451 469 486 496 518 537 541 552 556 562 578 580 605 631 660 664 685 704 705 719 730 755 761 763 771 772 780 791 845 848 878 900 901 939 958 964 977 986 988 994 
16 24 31 36 38 57 248 291 315 367 399 408 502 566 568 599 615 646 662 663 689 697 699 744 745 803 817 
89 131 149 177 236 304 310 316 320 334 424 431 494 531 547 642 666 706 708 735 756 781 793 799 801 802 835 843 846 850 853 893 
11 12 20 78 79 81 142 146 156 157 167 183 184 196 234 238 255 258 259 265 270 319 341 344 351 369 385 417 418 444 449 462 465 471 477 487 500 503 540 563 572 574 586 596 609 623 632 633 645 659 665 709 711 728 729 734 741 742 760 766 776 787 792 796 804 812 822 823 836 839 842 861 863 869 892 921 928 955 957 967 989 
25 85 98 111 147 246 293 321 346 361 377 378 392 447 476 507 513 515 528 581 622 640 716 758 764 
1 17 35 39 41 67 74 110 121 165 195 198 218 229 237 241 243 260 289 308 326 339 343 350 358 395 403 413 426 456 481 519 532 545 592 603 647 669 678 680 684 746 752 767 778 829 831 837 855 868 904 915 920 924 925 933 935 938 941 952 953 963 970 971 972 995 
10 18 23 43 44 52 73 76 209 245 299 309 318 332 342 352 372 380 381 386 415 432 433 473 521 526 529 536 546 558 569 585 611 621 671 748 750 768 783 809 819 825 858 890 907 912 926 943 974 975 979 983 990 
30 40 42 139 194 214 216 232 274 275 305 327 348 356 423 472 485 511 514 523 571 597 612 625 638 653 661 674 681 703 710 715 724 747 765 797 805 814 821 824 832 888 906 934 936 948 991 
27 50 54 63 93 118 119 122 133 138 164 168 169 175 201 220 242 250 267 268 279 280 292 306 325 333 347 382 384 470 482 484 492 539 543 561 584 588 589 590 598 607 614 617 627 630 641 651 657 676 677 686 687 713 720 757 770 779 786 789 794 795 798 811 820 844 859 880 883 889 908 913 914 923 960 962 965 966 968 992 1000 
5 14 34 82 84 88 101 114 128 192 197 207 224 233 240 264 277 286 359 404 421 442 454 466 483 497 501 548 624 690 725 739 833 879 916 918 
91 92 117 143 151 152 185 249 254 323 383 405 422 452 460 555 557 610 628 654 694 
32 105 107 108 127 217 223 269 302 362 363 391 398 489 498 527 535 554 560 591 601 604 707 727 
21 45 49 75 80 132 154 172 200 244 256 262 283 287 336 389 491 570 602 616 648 656 679 714 721 749 762 775 788 810 827 828 870 873 885 891 899 917 950 954 959 
6 19 55 65 104 123 124 136 140 145 162 179 182 186 187 205 212 227 257 266 281 282 284 298 300 312 317 330 354 365 370 371 388 396 412 425 427 437 459 463 475 495 525 530 534 550 565 579 587 606 635 637 649 688 691 733 774 777 784 785 806 813 826 840 849 854 862 872 877 944 976 978 993 996 997 
77 83 90 141 144 176 190 252 313 355 394 407 474 480 499 516 524 573 634 655 
26 60 95 137 171 210 213 329 376 397 400 430 439 445 448 457 493 520 549 576 577 600 650 692 712 722 800 818 867 
33 56 58 62 66 71 86 87 120 155 161 219 285 303 337 349 374 414 428 429 446 468 517 542 553 575 595 613 682 683 698 731 740 751 754 807 808 830 834 838 864 865 876 897 898 909 910 927 931 932 937 942 946 949 956 973 
46 97 99 109 126 170 199 203 221 222 263 272 357 375 402 416 436 464 478 559 629 672 718 759 
