1 18 0.87151110582
1 19 1.12737091962
1 62 0.846636701903
1 152 0.812981244056
1 163 0.86483667789
2 3 2.02984689764
2 79 3.41589127545
2 120 2.02943243084
2 124 1.59252570446
3 59 1.89660179527
3 73 1.86145177606
3 74 2.98407743889
3 79 1.8417736639
3 82 2.30816999637
3 87 2.1185668515
3 124 1.68025515299
4 25 2.28694550326
4 27 3.10235915442
4 60 3.32779136286
4 83 2.79835045339
4 86 3.1434421906
4 88 2.42392040228
4 114 3.06711545692
4 115 2.39456120884
4 116 2.6565261426
4 117 2.52941424218
4 121 3.30408202957
4 123 2.81271280844
4 125 2.77012676197
4 133 2.4693223286
4 135 3.47104643825
4 141 2.43684671504
4 142 2.4000718093
4 148 4.1414903952
4 149 3.3333162668
4 154 2.58282902521
5 7 6.69649528681
5 8 3.07874507305
5 25 2.13394776372
5 59 3.65880831367
5 60 2.53918346272
5 73 2.33061473095
5 74 2.25646133418
5 75 2.15764855416
5 76 2.42320262105
5 82 2.87239864042
5 83 2.94498855055
5 84 2.19263350324
5 87 2.77240297616
5 89 2.35244282005
5 94 2.35243778976
5 123 2.83751831369
5 135 2.58198479987
5 137 2.03446942235
6 11 3.41792838734
6 13 2.30449003414
6 73 2.02693448821
6 75 2.32936385607
6 76 2.42108748068
6 78 2.66880165006
6 80 2.35964586727
6 84 2.63614686755
6 89 2.51418189117
6 90 2.06857115265
6 95 1.84052509509
6 122 5.90276719826
6 138 3.47521248096
6 139 1.94809077078
6 140 2.98406958014
6 143 3.56914314859
6 144 2.06195964993
7 8 4.14513275962
7 25 2.59849803759
7 57 1.97786157017
7 59 3.47944474835
7 60 2.81271961769
7 82 2.16929309372
7 83 2.88674002875
7 87 2.18320302528
7 94 2.13783418793
7 135 2.37222414018
7 137 2.27684485889
7 142 2.36955404266
7 154 2.02692712666
8 14 2.32306992751
8 16 2.38704956313
8 32 2.16472525647
8 57 2.09230082294
8 59 2.01129496515
8 87 1.89251605869
8 137 2.8571399417
9 19 1.21455498676
9 37 1.70152693487
9 46 1.10438258138
9 50 1.2336280996
9 72 1.64022502322
9 118 1.42973259495
9 134 1.65702552763
9 159 1.34400587876
9 160 1.19908775532
10 12 3.32044538371
10 14 3.47944489999
10 16 2.75868625755
10 21 2.761840857
10 24 3.35767135908
10 26 4.01609638217
10 28 4.5738880067
10 30 3.98725844858
10 33 3.13727840812
10 57 2.8900145697
10 58 4.39797472113
10 89 2.8182784367
10 92 3.25296151766
10 125 2.38692847956
10 127 2.84554304473
10 137 2.823909545
10 138 2.53754645377
10 142 2.48145129397
10 143 3.13726567227
10 149 2.62793509992
10 156 3.17818956013
11 13 4.06557705228
11 73 1.85503521674
11 75 2.21024803109
11 76 2.30510200671
11 80 1.77555195953
11 90 2.57769223393
11 92 2.19581376351
11 95 3.03727898333
11 122 2.92226759986
11 138 2.39868193908
11 139 2.7918036856
11 140 3.00826974696
11 143 3.27383849364
12 14 2.90496419308
12 15 2.82842712475
12 16 3.18950465406
12 17 4.214495869
12 23 3.76621593856
12 24 7.90569059286
12 26 4.30730491854
12 28 4.07230885537
12 29 2.84325064145
12 30 2.72367310799
12 31 3.65392041523
12 32 2.96956901939
12 33 3.24956312219
12 35 3.72677892728
12 38 4.05220064644
12 41 3.25644649115
12 42 2.97219140737
12 58 4.14512011062
12 127 3.27911293148
12 156 2.75135316994
13 14 2.38771273461
13 73 2.11809270377
13 75 2.45440343214
13 76 2.62161252456
13 82 1.99840191106
13 87 1.84710702969
13 95 2.66217283094
13 122 2.43107925765
13 138 2.06239720146
13 139 2.84900605758
13 140 2.52376651856
13 143 2.91110597528
14 15 2.93231147989
14 16 5.27046152985
14 24 2.83410099608
14 26 2.81718056291
14 28 3.75822820516
14 29 2.38230300562
14 31 2.47083075385
14 32 3.47734071
14 33 2.9669531935
14 34 2.34855694531
14 42 2.61622375539
14 57 2.80244658685
14 58 3.02198145578
14 92 2.86414172742
14 137 2.71362340959
14 143 2.84439210979
14 156 2.44411098856
15 16 3.96837893816
15 17 3.05566102765
15 24 2.83296333465
15 28 2.6002532868
15 29 4.81683036889
15 31 3.11135691879
15 32 3.27560846053
15 34 5.17087620866
15 35 2.30632777472
15 38 2.38704879397
15 41 2.1286229727
15 42 3.56235235473
15 95 2.31993088491
16 17 2.55989798154
16 24 3.08166761048
16 26 2.99610757646
16 28 4.10996912863
16 29 2.73587822565
16 31 2.44704388526
16 32 5.16397644542
16 34 2.70073058344
16 42 3.3426312851
16 58 3.21245625195
16 92 2.74304879567
16 95 2.54904928001
16 137 2.42535480585
16 156 2.45439369147
17 23 2.75032422403
17 24 3.46479237858
17 26 2.56494554272
17 29 2.68607629869
17 31 4.33554880448
17 32 3.0787433615
17 34 2.20809151082
17 35 3.55559067043
17 38 3.1686209838
17 41 4.27178797288
17 42 3.60141006614
17 45 2.35506086767
18 19 1.01881386876
18 22 0.994739162742
18 37 1.00538913477
18 39 1.35345381741
18 40 1.35345381741
18 44 1.0345073499
18 48 1.1853449358
18 51 0.795481380346
18 62 0.845968953744
18 63 0.963053302037
18 64 1.65748364153
18 152 2.45884765916
18 158 1.24072863028
18 163 2.37289483907
19 37 1.61690416606
19 46 1.36007223374
19 50 1.37076358288
19 61 1.57975713971
19 62 1.1638136261
19 63 1.09671355371
19 65 1.11475944611
19 66 1.68096066155
19 72 1.13329426128
19 147 1.31148018472
19 159 1.24834137108
19 160 1.11358759482
19 162 1.23128803457
20 21 3.1419207691
20 27 2.73485150317
20 43 2.13686827134
20 78 2.21240472309
20 89 2.34209784837
20 122 1.94772155262
20 126 3.10084038424
20 138 2.18582468417
20 144 3.1265259644
20 149 2.60289230613
20 151 3.05565466671
21 23 2.89763770057
21 28 2.48682300981
21 30 2.43974934298
21 31 2.18062170321
21 33 2.6987622865
21 35 2.42964687279
21 38 2.61086620091
21 58 2.71963595844
21 126 3.25988105218
21 127 2.9643368612
21 143 2.33443104044
21 146 2.44119795071
21 155 2.43684862515
22 39 1.15879748543
22 40 1.15879748543
22 48 0.773279548814
22 64 0.808555983734
22 152 0.986286060482
22 158 0.947621532267
22 163 0.859452308278
23 24 3.70370313214
23 26 2.77992276661
23 30 2.53103544989
23 31 2.83069142405
23 33 2.70171463504
23 35 4.68806092926
23 38 4.20329970044
23 41 3.03727914444
23 42 2.10959180107
23 45 2.43468139433
23 58 2.81382441304
23 126 2.16980573559
23 127 5.05718658499
23 146 2.34338562779
23 155 4.50376543367
23 156 2.32746521428
24 26 4.29141008641
24 28 4.8970157842
24 29 3.27385251531
24 30 2.88434741609
24 31 4.03238824528
24 32 2.91605919776
24 33 3.44827468121
24 35 4.54544973705
24 38 6.31191742542
24 41 3.31314460194
24 42 3.31861652876
24 58 4.65239422024
24 127 3.11285339023
24 156 3.16068030041
25 27 2.58976526817
25 30 2.8783634286
25 36 4.49455947511
25 43 2.94627380357
25 60 3.68855266716
25 83 2.52941302279
25 86 2.29294539988
25 125 3.43967953388
25 135 2.05672157217
25 142 3.18785576727
25 148 3.41990364105
25 149 2.9669508808
25 154 4.00637649504
25 157 2.85364581862
26 28 4.48109883066
26 30 4.93263383636
26 32 3.04997099668
26 33 3.51798746024
26 38 3.0860653989
26 41 3.09492105639
26 42 2.64350521091
26 43 2.54328613464
26 57 2.64507560608
26 58 5.19171612765
26 125 2.61428253486
26 127 3.4400854283
26 137 2.72367177141
26 156 4.7035318956
27 30 3.40997153677
27 36 3.58505601869
27 43 4.28352859853
27 60 2.3986944148
27 86 2.97084255223
27 88 2.31062023269
27 121 2.61801401387
27 123 2.51020967554
27 125 2.76908731868
27 126 2.36293323304
27 127 2.54656975914
27 141 2.36689830793
27 148 5.45517540498
27 149 6.38856840274
27 151 2.3224331192
27 154 3.14342105686
27 157 2.90739562153
28 29 2.75240710976
28 30 3.44417484369
28 31 2.60820069509
28 32 3.09048413839
28 33 3.3113255989
28 35 2.61086474599
28 38 3.28619365057
28 42 2.92728061572
28 58 9.40676711724
28 92 4.17751088061
28 127 2.67547775044
28 143 2.72367003679
28 156 3.91628535649
29 31 3.64662478745
29 32 2.37356302153
29 34 3.8547160781
29 35 3.0219891156
29 38 3.1465825676
29 41 2.12429614374
29 42 3.18950438637
29 95 2.36292460465
29 150 2.06679710147
30 33 2.78315161265
30 36 3.70104668402
30 38 2.4375746247
30 43 4.49466563625
30 57 2.4645769184
30 58 4.22576523684
30 125 3.45001063826
30 127 4.07564939145
30 142 2.84785367495
30 148 2.76286289328
30 149 3.49852931731
30 156 4.60766362567
31 32 2.64350487839
31 33 3.24784892837
31 34 2.6435050779
31 35 4.69840869053
31 38 4.38528655036
31 41 3.42997044183
31 42 3.77694741772
31 45 3.47314287953
32 33 2.51816419988
32 34 2.5734250326
32 35 2.20006091254
32 38 2.39800396486
32 41 2.94499761792
32 42 4.95073732659
32 58 2.6518520855
32 137 2.22222031221
32 156 2.7266990756
33 35 2.71262813203
33 38 3.1878827813
33 41 2.87242456417
33 42 2.66975311911
33 45 3.6885552642
33 57 3.29098106629
33 58 3.58286629803
33 127 2.72265208004
33 143 2.48297796583
33 156 3.01509063944
34 42 3.1249999939
34 95 2.43973901769
35 38 7.8810992652
35 41 3.73456817444
35 42 3.02336919246
35 45 2.78639105314
35 58 2.65559368457
35 127 2.70763844984
35 155 2.58026248728
35 156 2.33442402767
36 43 6.18931173147
36 47 3.00137782322
36 60 2.50624601032
36 121 2.00680387108
36 125 3.84509573721
36 127 2.56831901399
36 142 2.76386481559
36 148 3.38254687947
36 149 3.66861799996
36 154 3.42192584973
36 156 2.65278471991
36 157 4.94463495374
36 188 2.06788216507
37 46 2.01989287474
37 50 2.02071747261
37 62 1.38996118351
37 66 1.2135675589
37 72 1.37347559033
37 134 1.28970411319
37 159 1.98418256625
37 160 1.77136515885
37 161 1.32955614939
37 163 1.06593749546
38 41 3.81246421398
38 42 3.35766805063
38 45 2.82729629553
38 58 3.43603918505
38 127 2.86414589669
38 155 2.48835483593
38 156 2.75866236079
39 44 1.75169229291
39 48 2.03691500728
39 49 0.858693406912
39 51 1.38915535023
39 63 1.20604523087
39 64 1.82361548707
39 65 1.12281602213
39 66 1.11028808983
39 70 0.845304986983
39 152 2.04336791855
39 158 4.26786309881
39 163 1.19531399161
40 44 1.75169229291
40 48 2.03691500728
40 49 0.858693406912
40 51 1.38915535023
40 63 1.20604523087
40 64 1.82361548707
40 65 1.12281602213
40 66 1.11028808983
40 70 0.845304986983
40 152 2.04336791855
40 158 4.26786309881
40 163 1.19531399161
41 42 3.8489976776
41 45 3.01101025142
41 127 2.44046508478
41 145 2.12765105569
41 156 2.64440944673
42 45 2.43685019883
42 58 2.63522702712
42 156 2.51975364954
43 47 3.03587237156
43 125 2.83848362962
43 127 2.80274546442
43 142 2.23606507956
43 148 3.0055266773
43 149 3.7062163406
43 154 2.73074398847
43 155 2.12285651938
43 156 3.14034407393
43 157 3.91026346878
44 48 2.4820629919
44 49 1.55586672821
44 51 2.27566066329
44 63 2.76289329722
44 64 1.5859036416
44 65 2.29839425469
44 66 1.60934593079
44 67 1.13665698544
44 68 1.06843440278
44 69 1.19412001128
44 70 1.4210498948
44 152 1.38303103083
44 158 2.78854834477
44 163 1.04724960697
45 57 2.02763185357
45 145 2.67450828969
45 146 2.09518739369
45 155 1.95965131937
46 50 3.89249470901
46 52 1.78514494145
46 63 1.11985003941
46 65 1.12672398067
46 66 1.44835699161
46 72 1.15779190179
46 91 1.28479915033
46 96 1.87812003608
46 97 1.38118339184
46 159 3.36143402659
46 160 2.69580873495
46 161 2.91605348468
46 188 1.98882546526
47 52 2.03784649006
47 145 2.59933786616
47 146 1.84805289336
47 155 2.17801838829
47 157 2.82048925797
47 188 2.19254021151
48 49 1.07944559126
48 51 2.17282464006
48 63 1.4809947997
48 64 2.82707768684
48 65 1.33389724347
48 66 1.276573743
48 67 0.854692574887
48 68 0.814077879187
48 69 0.893703040654
48 70 1.11614270455
48 152 1.86491504336
48 158 2.91692981792
48 163 1.18684786141
49 51 1.52961545517
49 63 1.5837139439
49 64 0.827974589064
49 65 1.95440679163
49 66 1.14813548752
49 67 2.4945452166
49 68 2.1481768853
49 69 2.38365305948
49 70 3.76620204906
49 152 0.747748268189
49 158 1.05768240229
50 52 1.85439710391
50 66 1.30598610586
50 72 1.16012696173
50 96 2.08650469311
50 97 1.34062190901
50 159 3.06711688803
50 160 2.21078282047
50 161 2.42821153759
50 188 2.93335376969
51 63 1.42176586583
51 64 1.27608659192
51 65 1.41932925807
51 67 1.079267592
51 68 1.01929288841
51 69 1.11015020378
51 70 1.64110928263
51 105 0.700363093397
51 152 1.0449008618
51 158 1.83092472969
51 163 0.831401073515
52 53 1.37399275504
52 54 1.40956852327
52 91 1.76117291079
52 96 1.62242677253
52 97 2.43539990252
52 159 1.56116228429
52 160 1.41421117236
52 161 2.43107684383
52 188 2.43385282846
53 54 3.24784757168
53 55 3.30770437976
53 100 1.63802416004
54 55 5.34519825741
54 100 2.39250835726
54 101 1.42349178116
54 102 1.11145341951
54 145 1.88611060542
55 100 2.2536009748
55 101 1.57076381321
55 145 1.95927309851
56 98 1.53809741179
56 101 1.57621826782
56 102 1.04217557972
56 103 1.52427644155
57 58 2.60610188332
57 137 2.5052121288
57 142 2.78920280116
57 143 2.58440229768
58 89 2.53343845768
58 92 3.30761922784
58 127 3.27556559555
58 143 2.67354235868
58 156 3.81514999346
59 60 2.82842712475
59 74 2.02901328271
59 79 1.72362054311
59 82 1.93781495456
59 83 3.28264019186
59 114 1.95142140469
59 133 1.75492525085
59 135 3.192748997
60 83 3.7904584566
60 86 2.74926970572
60 88 2.21566051863
60 114 3.14967418871
60 121 2.07034097103
60 123 2.44192818425
60 125 2.94604947316
60 133 2.12862172803
60 135 3.52452977171
60 142 3.44416373092
60 148 3.69605400448
60 149 3.10234970855
60 154 3.25468702832
61 147 4.58822534795
61 153 1.62434952363
61 157 1.90898713046
61 162 2.062403361
61 188 1.57618789889
62 163 0.867728209415
63 64 1.17105307801
63 65 3.69863360728
63 66 2.0281825628
63 67 1.35831451219
63 68 1.25195767534
63 69 1.44352598794
63 70 1.31601546862
63 152 1.10987845859
63 158 1.56364517081
63 163 1.06467347877
64 65 1.01289505193
64 66 1.07914264284
64 70 0.830626517415
64 152 3.23421422146
64 158 1.92663878437
64 163 1.39945708086
65 66 2.39319020991
65 67 1.80864050278
65 68 1.67201629503
65 69 2.01619443245
65 70 1.62199730843
65 152 0.976877344928
65 158 1.46631308057
66 67 1.12888082428
66 68 1.08676376095
66 69 1.23787380215
66 70 1.09757381188
66 152 1.11462560442
66 158 1.37633498424
66 161 1.1251540385
67 68 10.0
67 69 8.54357657717
67 70 1.98106361424
67 158 0.871445186171
68 69 6.00841768126
68 70 1.79373368757
68 158 0.841316956556
69 70 2.04936023308
69 158 0.912908931284
70 105 0.716518955856
70 152 0.737129062971
70 158 1.04268359574
71 85 0.712723304165
72 116 1.71954362389
72 117 1.65294893075
72 118 1.24025007594
72 134 2.62703259889
72 136 1.67295122916
72 159 1.27256899178
72 160 1.1921667394
73 74 2.82278556074
73 75 8.54357629654
73 76 6.62266165461
73 78 2.78207317576
73 80 1.82635074069
73 82 3.99361531915
73 84 2.94500031899
73 87 2.34661590017
73 89 2.58890132315
73 122 2.64720313095
73 123 2.38162157292
73 138 2.62611604825
73 139 2.44047185453
73 140 3.30950507025
74 75 2.40284580693
74 76 2.35767650387
74 78 2.66595582472
74 82 2.742040997
74 83 2.49765936547
74 84 3.10086632382
74 86 2.5205634305
74 87 2.02734939806
74 88 3.00692363019
74 89 2.38841077083
74 119 2.08969109279
74 120 2.03869448788
74 122 2.02361122201
74 123 3.81800901474
74 124 2.35767382053
74 135 1.99998704013
74 141 2.46332059383
75 76 13.0188871262
75 78 3.00285276664
75 80 2.04337105825
75 82 3.25472275901
75 84 3.22078312532
75 87 2.18062149324
75 89 2.90496387562
75 122 3.08900370037
75 138 3.16067682718
75 139 2.87955415526
75 140 4.6423530191
76 78 3.191126007
76 80 1.94846278213
76 82 3.24272216028
76 84 3.35389232435
76 87 2.38365617448
76 89 3.26163900509
76 92 2.23718672475
76 122 3.17980643693
76 123 2.48835576039
76 138 3.61311233806
76 139 2.89277573037
76 140 4.83929920141
76 143 2.29475817056
77 86 2.26339341916
77 88 3.21744726044
77 114 2.16723470554
77 116 2.18999318177
77 117 2.01987895773
77 118 1.86338869726
77 119 2.8352389922
77 120 5.79284398738
77 121 1.94036184891
77 124 3.84899083497
77 133 1.83369650461
77 141 4.41940864287
77 151 1.74847610438
78 80 2.37155911425
78 84 6.14293854635
78 86 2.24337081687
78 88 2.15115935733
78 89 7.03597403663
78 92 2.40841491622
78 122 3.65391731501
78 123 3.943603994
78 138 5.24137338285
78 140 2.80055774201
78 141 2.18582291243
78 143 2.37758434861
78 144 3.03168594484
80 81 3.33333332593
80 90 2.05803035695
80 122 2.57256882231
80 138 2.50155250669
80 139 1.6089303694
80 140 2.56409661662
80 144 2.99340270876
81 90 1.40179231989
81 144 2.35963689843
82 84 2.33126201997
82 87 3.30589698399
82 94 2.25474700669
82 122 1.94403767837
82 123 2.3570168188
82 139 1.92878952059
82 140 2.13200398445
83 84 2.19528376942
83 86 2.73077261938
83 88 2.97877734235
83 114 2.2797679102
83 120 2.1219039302
83 123 3.15126482809
83 135 2.8478274188
83 141 2.18686907182
83 142 2.09195772605
83 148 3.13419370899
83 149 2.24563195608
83 154 3.25472054035
84 86 2.29900186549
84 88 2.60465900728
84 89 5.63435654678
84 92 2.22112557445
84 122 4.24857463083
84 123 4.43674477814
84 138 3.64901856939
84 140 2.63889318931
84 141 2.34274335825
84 143 2.57342112305
84 144 2.93481963914
86 88 3.31861582703
86 114 2.30444644221
86 119 2.22828131454
86 120 2.1718608404
86 123 4.18119600066
86 124 2.29354979506
86 135 2.599345844
86 141 2.98540154923
86 148 4.26789512319
86 149 3.13111834733
86 154 2.6584086754
87 93 1.84177355894
87 94 3.50931107876
87 139 1.77976208559
87 140 1.97142008307
88 114 2.10675252975
88 119 3.40997014304
88 120 3.16544461146
88 123 3.30408982083
88 124 3.5333177885
88 141 5.08985263464
88 144 1.9676028936
88 148 2.84095354421
88 149 2.25992271284
88 151 1.97835631576
88 154 2.39662707701
89 92 3.26860195722
89 94 2.37825694347
89 122 3.40403559412
89 123 4.28351065892
89 138 4.87945012409
89 140 2.76606056567
89 143 2.81383088282
89 144 2.7399746046
90 95 2.08378553809
90 139 2.10165622199
90 140 2.31620455484
91 97 4.00320384513
91 136 1.55436190894
91 146 2.19264504616
91 155 1.97026775173
91 161 1.31283798756
92 94 2.74617494892
92 95 2.56494539422
92 122 2.28515271738
92 138 2.99609247904
92 140 2.3550577609
92 143 2.71863297497
92 156 2.48222139827
93 94 2.11100165272
94 123 2.57256534911
95 139 2.44631011987
95 140 2.33443467821
95 143 2.27213989662
96 116 1.71272046434
96 117 1.72439400487
96 121 2.29415718415
96 136 1.62822293456
96 151 1.85215738616
96 157 2.40004775375
96 159 2.80827196797
96 160 2.11904164607
96 161 2.29355337835
96 188 2.77434725944
97 161 1.42364079325
97 188 1.58228151625
98 101 1.24379574272
98 103 1.03257497338
99 100 1.68549609268
99 101 2.0743490182
99 102 1.17282372946
100 101 2.08968079408
100 145 2.42676789713
101 102 1.24611142149
101 145 1.7857142786
104 105 0.850514219423
105 128 0.668047116762
105 130 0.559882400694
106 107 0.248345919343
106 108 0.259880698377
106 111 0.439961062626
106 112 0.408793474543
106 113 0.450249091121
106 132 0.385832966955
106 166 0.360893045296
106 167 0.363737129831
106 168 0.374575826933
106 170 0.354662934996
106 171 0.430064721492
106 174 0.45395875141
107 108 0.211832046528
107 111 0.19679617648
107 112 0.197286576526
107 113 0.212918244547
108 111 0.278937552149
108 112 0.290960354968
108 113 0.379336959921
108 132 0.303685499699
109 110 0.490089140909
109 130 0.484177538073
109 131 0.699078488151
109 132 0.395213224656
109 168 0.452775864724
109 169 0.372581476162
109 170 0.668734739223
109 171 0.69135033376
109 174 0.637757799236
109 176 0.565920800889
109 182 0.501266599393
109 183 0.76755004803
109 184 1.01377634031
110 168 0.552115358127
110 169 0.48276503478
110 170 0.500707555475
110 171 0.359057044793
110 174 0.352449199378
110 176 0.590157039899
110 183 0.427882095377
110 184 0.767099856836
111 112 2.6745180952
111 113 0.534812792004
111 132 0.289720007769
111 174 0.304257370519
112 113 0.495584185754
112 132 0.274239287825
113 132 0.562846592427
113 171 0.400278157189
113 174 0.455659894916
114 115 2.06240284167
114 116 3.83481897771
114 117 2.70963512495
114 119 2.25701551673
114 120 2.13830617175
114 121 2.68317202283
114 133 4.19958214321
114 135 3.1543911929
114 136 2.23215920102
114 141 1.94145815846
114 148 2.48599395881
114 154 2.04205864179
115 116 2.5294174529
115 117 2.989405945
115 121 3.41792961716
115 125 2.2166961818
115 126 1.83803636119
115 133 2.29174554686
115 136 2.90864449678
115 146 1.67295202911
116 117 4.45435275478
116 119 1.8157734102
116 120 1.92913724254
116 121 3.84900178319
116 133 3.9253400666
116 135 2.23550848577
116 136 2.51976055444
117 119 1.99959039147
117 121 4.23713513028
117 126 1.93347230987
117 133 2.51976294861
117 136 3.95593390799
118 120 1.79086037051
118 124 1.73630999069
118 134 1.71649893967
119 120 2.41402243773
119 124 2.37624150708
119 141 3.03169491031
119 151 1.97449623456
120 124 3.57370154624
120 133 1.79488790215
120 141 3.07728517051
121 125 2.411837561
121 126 2.16472489991
121 133 2.34790890829
121 135 1.97104090301
121 136 3.0400852519
121 141 1.94403076628
121 148 2.66212268697
121 149 2.66687502199
121 154 1.95103669444
122 123 2.36096044423
122 138 4.01933187505
122 139 2.00885846018
122 140 3.47944474835
122 143 3.35200761389
122 144 2.47460921745
123 135 2.46480777984
123 138 2.60731545292
123 141 2.75868628589
123 148 2.9947557789
123 149 2.53022676278
124 141 4.28352823306
124 151 1.81968578167
125 127 3.30723546629
125 135 2.14613328484
125 137 2.25811451466
125 142 3.91298399411
125 148 2.905796493
125 149 3.41144558371
125 154 2.37134564956
125 157 2.39369261095
126 127 2.44335823594
126 136 1.94698245223
126 144 1.83896043967
126 146 2.33189508361
126 149 2.32116621203
126 151 2.49296508008
126 155 2.52616149542
127 149 2.63431684064
127 155 3.83482288866
127 156 2.84325016336
128 129 1.72619165594
128 130 0.813249960721
128 165 0.696580399491
128 175 0.679455069818
128 177 1.32545922643
128 178 1.02983276365
128 179 0.887598937266
128 180 0.924735396164
129 130 0.710095430405
129 165 0.84415923345
129 175 0.929800189441
129 177 1.17573636314
129 178 0.932706896581
129 179 0.853764058053
129 180 1.00656169043
129 191 0.642065896156
130 131 1.11894177338
130 165 0.574703048053
130 170 0.467637029595
130 171 0.439039598051
130 174 0.399199209488
130 175 0.591778124026
130 176 0.433820047423
130 177 0.61737790035
130 182 0.637408088796
130 183 0.549624713234
130 189 0.459261675804
131 165 0.540626884688
131 166 0.403751319141
131 168 0.450628586249
131 169 0.400329170291
131 170 0.679141093967
131 171 0.648803232144
131 174 0.576217980545
131 175 0.476601253509
131 176 0.612150532736
131 182 0.545869065564
131 183 0.675427984182
131 184 0.494129751445
132 171 0.627047862679
132 174 0.700598224393
133 135 2.88195208373
133 136 1.93383426799
134 160 1.14821233207
135 142 2.11382876584
135 148 2.4375454902
135 154 1.94439208722
136 146 1.83463000225
137 142 2.6899589982
138 139 2.09656904263
138 140 4.17755494098
138 143 2.90496152591
138 144 2.59937622104
139 140 3.66126012969
140 143 2.32873207324
140 144 1.96078385199
141 144 2.33189554517
141 148 2.55905471352
141 151 2.36690492728
141 154 1.9822369191
142 148 2.43319944161
142 149 2.75029254285
142 154 2.30079192524
144 151 2.57342341356
145 156 2.44338874417
146 155 2.58715021466
147 153 1.63060333982
147 157 1.69784107711
147 162 1.75356921935
148 149 5.39946413625
148 154 4.95073771488
148 157 2.72670736311
149 154 2.98407288041
149 157 2.7671224262
152 158 1.8633899696
152 163 1.64487766729
153 162 2.05714986443
154 157 2.88554685147
157 188 2.98349908542
158 163 1.16945002657
159 160 5.41530043461
159 161 3.23253562282
159 188 2.15801568302
160 161 2.91111095005
160 188 1.65063492863
161 188 2.27611970905
164 187 0.482231019004
165 166 0.554870392233
165 175 1.04053707042
165 178 0.651856680888
165 180 0.581385483909
166 167 1.19318486578
166 168 0.425493235853
166 170 0.391165448206
166 171 0.349423928833
166 174 0.343965651055
166 176 0.452326633161
167 168 0.420015964206
167 171 0.306095291125
167 174 0.305349544603
167 176 0.40567366795
168 169 0.660039524614
168 170 1.01035872903
168 171 0.535018293364
168 174 0.512753057186
168 176 1.31818536932
168 183 0.496248871589
168 184 0.439040113437
169 170 0.636541137299
169 171 0.356643963197
169 176 0.637898268789
169 183 0.472650481075
169 184 0.386151933813
169 202 0.366170191248
170 171 0.793972412992
170 174 0.680083263943
170 176 1.3046544112
170 183 0.850670937994
170 184 0.531681772655
171 174 3.09180500726
171 176 0.602037658325
171 183 0.578642032556
171 184 0.446090149239
172 173 4.46767040462
174 176 0.557278162593
174 183 0.497370783889
174 184 0.432006735255
175 191 0.485092948338
176 183 0.631495867036
176 184 0.523753901812
177 178 1.63626875461
177 179 1.73057894201
177 180 2.17906671497
177 191 0.650957170576
178 179 0.968003336837
178 180 1.32464771973
179 180 2.09106179598
179 182 0.58546641197
179 191 0.703422639612
180 191 0.840928481166
181 191 0.489056915198
182 183 0.65108249991
182 192 0.536071041956
182 193 0.484819949035
182 196 0.490171829277
182 198 0.568282491758
182 199 0.545950053462
182 200 0.573350029896
182 205 0.533198190616
182 207 0.469183455268
182 209 0.613496222431
182 210 0.478610976365
183 184 0.56146113644
183 197 0.545730487482
183 209 0.595543328476
186 187 0.541098132437
189 190 0.410284200945
191 214 0.483752632439
192 193 1.14662610983
192 194 0.921550819495
192 195 0.925647949454
192 196 1.18577974278
192 197 0.825938662799
192 198 3.81519458279
192 199 1.50108783157
192 200 2.85132968577
192 201 1.71523588142
192 203 1.69857698642
192 204 0.798875893444
192 205 5.42325965101
192 206 0.880723464139
192 207 1.07776381752
192 209 0.981005172822
192 210 0.798010633849
192 211 0.896005303175
192 212 0.816545183987
192 213 0.823442731087
192 214 0.798239126721
193 194 0.597817071463
193 195 0.638108645288
193 196 3.81244740157
193 197 1.35370129533
193 198 1.32418267776
193 199 2.0153720402
193 200 1.01440539025
193 201 0.75629609318
193 203 0.96011869003
193 204 0.540272237287
193 205 0.975900071276
193 206 0.552107035104
193 207 0.617389816452
193 209 1.29002725979
193 210 0.913213448453
193 211 0.563096592289
193 212 0.629015476235
193 213 0.636336280167
193 214 0.657382668559
194 195 3.0151116696
194 196 0.669543998609
194 197 0.630265676888
194 198 0.900425999936
194 199 0.747037988099
194 200 0.802934154022
194 201 0.840067904844
194 203 0.753071789028
194 204 3.26163390967
194 205 0.96381298501
194 206 3.23931745474
194 207 2.76078239043
194 209 0.611280674913
194 210 0.70172398997
194 211 4.30730030358
194 212 1.74206518356
194 213 1.41719214067
194 214 1.5554902527
195 196 0.724086213736
195 197 0.67632414913
195 198 0.925608479512
195 199 0.763402750752
195 200 0.761144221864
195 201 0.849411047302
195 203 0.815273811015
195 204 2.40981302624
195 205 0.959014600191
195 206 1.86371279359
195 207 1.99046800226
195 209 0.604342676216
195 210 0.681076240279
195 211 2.22332042727
195 212 3.65845135054
195 213 2.64535358983
195 214 2.59325008768
196 197 1.89354544856
196 198 1.46316574974
196 199 2.60643000219
196 200 1.01597458286
196 201 0.753928275946
196 203 0.930725950072
196 204 0.59411285588
196 205 1.01305085361
196 206 0.609189719179
196 207 0.684177484753
196 209 1.40538608514
196 210 1.07489566463
196 211 0.618794588537
196 212 0.715816305086
196 213 0.719405634301
196 214 0.766063646881
197 198 1.00748167124
197 199 1.50875724116
197 200 0.754657818515
197 201 0.578082949705
197 203 0.654069915488
197 204 0.551451867152
197 205 0.750903896697
197 206 0.579391089647
197 207 0.632404841492
197 209 1.37542251972
197 210 1.20211720218
197 211 0.569608576819
197 212 0.674794264028
197 213 0.670145425565
197 214 0.757770965606
198 199 1.97602280994
198 200 2.17339239348
198 201 1.25788174069
198 203 1.35320036955
198 204 0.764093688712
198 205 2.82277357693
198 206 0.861972882131
198 207 1.05164118816
198 209 1.17998658722
198 210 0.886170712661
198 211 0.849197514956
198 212 0.828141681163
198 213 0.839092555803
198 214 0.838031322183
199 200 1.41904568148
199 201 0.824701935039
199 203 0.93372349202
199 204 0.643902640483
199 205 1.23428505116
199 206 0.685638862005
199 207 0.777298286179
199 209 2.14421921325
199 210 1.3683221804
199 211 0.688656505828
199 212 0.721006859988
199 213 0.70622429794
199 214 0.766828947416
200 201 1.3579375238
200 203 1.2130341472
200 204 0.704382524764
200 205 2.49843891341
200 206 0.789927486326
200 207 0.925014315452
200 209 1.06029570046
200 210 0.818764967602
200 211 0.79315121536
200 212 0.676321182275
200 213 0.667854995466
200 214 0.668810139296
201 203 2.3925087955
201 204 0.81319567477
201 205 2.13735145235
201 206 0.838619017264
201 207 0.994052543803
201 209 0.631043355128
201 210 0.567412869544
201 211 0.898278957322
201 212 0.763930789054
201 213 0.789508720692
201 214 0.697596380306
203 204 0.726604879841
203 205 1.75844698688
203 206 0.715051383813
203 207 0.835220011727
203 209 0.672110161924
203 210 0.594616795403
203 211 0.770050711935
203 212 0.776377307748
203 213 0.818791903236
203 214 0.722704123324
204 205 0.844099738073
204 206 2.19528230308
204 207 1.84114918306
204 210 0.606718366473
204 211 4.67779896627
204 212 1.76469089656
204 213 1.43076304339
204 214 1.39658773054
205 206 0.952855846813
205 207 1.19360974138
205 209 0.868974038812
205 210 0.728608327617
205 211 0.962517645699
205 212 0.833674958107
205 213 0.847335892001
205 214 0.799054253514
206 207 4.38948080549
206 209 0.580718443326
206 210 0.62766573907
206 211 3.37868263201
206 212 1.27163175871
206 213 1.15763643387
206 214 1.15608864411
207 209 0.637136567142
207 210 0.662411453101
207 211 2.72873734726
207 212 1.31816774431
207 213 1.24931696299
207 214 1.19754000882
209 210 1.44367642676
209 211 0.566674550259
209 212 0.57040341259
209 213 0.55732148351
209 214 0.610721842508
210 211 0.63261998597
210 212 0.654487330086
210 213 0.608839986591
210 214 0.724961181346
211 212 1.49367832187
211 213 1.28735198049
211 214 1.2608826069
212 213 4.49843239648
212 214 4.17346380404
213 214 2.7297517908
