1 9 0.330770600828
1 10 0.319764739696
1 16 0.359210604054
1 27 0.553848775622
1 29 0.354886720494
1 30 0.325817606226
1 38 0.382639365897
1 46 0.377425678048
1 47 0.349428278907
1 55 0.72547625011
1 59 0.426789599776
1 76 0.438529009654
1 79 0.860662965824
1 91 0.414513336145
1 100 0.391330240097
1 101 0.41922180815
1 107 0.343604066372
1 113 0.334450031045
1 116 0.355110412114
1 126 0.453609211627
1 136 0.355784033482
2 8 0.749531688996
2 33 0.257257335878
2 64 0.26938622922
2 65 0.229476130274
2 103 0.266028961489
2 109 0.268607654675
2 120 0.287598654272
2 124 0.308901031608
2 128 0.29514066805
2 147 0.275554249227
2 148 0.264813570666
3 39 0.186306656027
3 43 0.271763212599
3 44 0.163912402393
3 73 0.143532455281
3 74 0.200080048032
3 88 0.184805317739
3 129 0.170746944191
3 138 0.127733610873
3 146 0.248528715735
3 157 0.121357078495
4 11 0.309789105404
4 90 0.402258993355
4 92 0.319928344075
4 114 0.28712406871
4 131 0.580258853186
4 139 0.572598334314
4 140 0.453609211627
4 141 0.241613567853
4 143 0.30303030303
4 188 0.432742322408
5 9 0.411345034895
5 11 0.277777777778
5 22 0.282166323992
5 27 0.327736762672
5 38 0.399680383489
5 46 0.404556697031
5 83 0.374502943137
5 89 0.909090909091
5 115 0.370116605099
5 116 0.462250163521
5 117 0.279290386739
5 121 0.436435780472
5 126 0.312958771962
5 132 0.304149532336
5 139 0.279399378114
5 141 0.489702106874
5 149 0.480015360737
5 150 0.294244943168
6 66 0.29656491293
6 70 0.31481427501
6 104 0.313882410287
6 130 0.230326719852
6 213 0.323931774196
6 215 0.31265269974
7 12 0.68199433947
7 16 0.398093714329
7 17 0.355784033482
7 30 1.33630620956
7 42 0.372419461362
7 47 0.509647191438
7 60 0.412744171706
7 76 0.683585927025
7 79 0.475114338146
7 85 0.3175003175
7 90 0.317340407988
7 93 0.330951696161
7 95 0.331314780961
7 98 0.445435403187
7 100 0.367855946389
7 101 0.366371652724
7 113 0.381801774161
7 119 0.398409536445
7 124 0.455487518674
7 136 0.42182454061
7 148 0.428746462856
8 13 0.375823014001
8 18 0.248913375794
8 64 0.393444737682
8 65 0.302198942608
8 103 0.284325067018
8 109 0.377425678048
8 120 0.252457645893
8 128 0.42182454061
8 137 0.271462644899
8 147 0.330589802454
8 148 0.242678419058
9 22 0.302198942608
9 23 0.297350516725
9 27 0.70359754473
9 29 0.439374775164
9 38 0.901669634667
9 46 0.597614304667
9 55 0.312805623545
9 59 0.441510785688
9 83 0.296956935458
9 89 0.564332647983
9 100 0.344827586207
9 107 0.377157143202
9 113 0.307728727448
9 115 0.410650781177
9 116 0.477273959903
9 126 0.352672807929
9 132 0.324101861776
9 180 0.330951696161
10 12 0.273485494372
10 52 0.242749910714
10 59 0.337291628677
10 79 0.325990683319
10 86 0.417755993144
10 95 0.291978581237
10 100 0.303868562731
10 107 0.298407766342
10 108 0.666666666667
10 183 0.263340326575
11 66 0.280056016806
11 104 0.232181730106
11 139 0.318950466055
11 141 0.498135481387
11 149 0.323761954119
11 188 0.453609211627
11 213 0.208650534895
12 16 0.323085334876
12 23 0.26938622922
12 30 0.695048046857
12 47 0.426401432711
12 60 0.340601351645
12 69 0.309937863687
12 76 0.413449115297
12 79 0.414513336145
12 95 0.331496772066
12 103 0.303728369615
12 119 0.320585281819
12 124 0.379868588199
12 136 0.380417928454
12 148 0.788110406239
13 18 0.286534127531
13 20 0.285132974256
13 28 0.277563690827
13 32 0.359210604054
13 35 0.304713817668
13 36 0.307292541932
13 53 0.368354734342
13 54 0.287598654272
13 63 0.344010458077
13 64 0.72547625011
13 65 0.340010200459
13 67 0.38836781869
13 96 0.294117647059
13 109 0.360374985078
13 112 0.34565056491
13 123 0.531494003453
13 128 0.354886720494
13 137 0.505721737424
13 147 0.318626493939
14 18 0.25269934786
14 37 0.422954934438
14 42 0.277030631585
14 75 0.290741902315
14 85 0.331133089266
14 92 0.34794450032
14 93 0.317660468995
14 96 0.307437730951
14 105 0.272873897272
14 106 0.304997140665
14 118 0.338837073786
14 119 0.293357324424
14 133 0.335956570342
14 143 0.327912917892
14 147 0.256748082982
15 19 0.295785503139
15 25 0.417391935565
15 31 0.382639365897
15 41 0.638876565
15 44 0.230449006413
15 45 0.283182735894
15 48 0.280056016806
15 54 0.275868629534
15 58 0.449921270666
15 72 0.288314965852
15 74 0.224563228222
15 77 0.216320530301
15 87 0.263249063246
15 88 0.399361531915
15 99 0.252457645893
15 146 0.233890134862
16 17 0.312958771962
16 30 0.383764778227
16 33 0.3125
16 47 0.489115988045
16 60 0.70359754473
16 76 0.475114338146
16 79 0.392837100659
16 85 0.442373955204
16 90 0.431130613559
16 98 0.477273959903
16 101 0.481125224325
16 113 0.360141203033
16 114 0.451293682407
16 119 0.479463301485
16 124 0.451293682407
16 136 0.854357657717
16 139 0.312043239707
16 140 0.424859288662
17 23 0.316069770621
17 30 0.397150735395
17 37 0.416305447122
17 42 0.58222250974
17 75 0.466760028009
17 76 0.389249472081
17 85 0.315912011803
17 90 0.374502943137
17 92 0.338255045746
17 93 0.590281336101
17 98 0.805822964025
17 113 0.475651494154
17 118 0.34565056491
17 119 0.367607311047
17 124 0.331496772066
17 131 0.418853908292
17 133 0.354886720494
17 134 0.363937262623
17 143 0.426401432711
18 20 0.531494003453
18 53 0.454076609186
18 85 0.295398095634
18 92 0.308313207989
18 96 0.298540717013
18 105 0.242893083779
18 106 0.297087955511
18 118 0.485071250073
18 123 0.306858205966
18 133 0.606339062591
18 137 0.435606841869
18 143 0.394668518982
18 147 0.712470499879
19 25 0.429933580392
19 28 0.325472277452
19 31 0.379594809001
19 32 0.305566165676
19 35 0.263066820882
19 36 0.41922180815
19 41 0.349215147885
19 44 0.275032662068
19 48 0.249067740693
19 54 0.292728206556
19 58 0.798086884468
19 67 0.374502943137
19 72 0.437688109532
19 77 0.289885517826
19 87 0.758098043579
19 88 0.283980917124
19 102 0.297482058654
19 112 0.460775677584
19 144 0.428352936878
20 28 0.284670471155
20 37 0.342795585096
20 53 0.769230769231
20 63 0.298407766342
20 75 0.338837073786
20 92 0.293863549692
20 96 0.378505582052
20 105 0.360141203033
20 106 0.475114338146
20 118 0.302198942608
20 123 0.339422116651
20 133 0.40756957297
20 135 0.324956336926
20 137 0.475114338146
20 143 0.326511574224
20 147 0.376621788577
21 22 0.28927842707
21 24 0.573539334676
21 26 0.310385427622
21 40 0.319764739696
21 49 0.328266082149
21 61 0.337291628677
21 62 0.749531688996
21 68 0.244777689824
21 78 1.04828483672
21 83 0.40756957297
21 84 0.253673144716
21 110 0.503154605427
21 117 0.773823232534
21 121 0.414513336145
21 125 0.513665496938
21 127 0.710669054519
21 132 0.275449694396
21 142 0.255238280445
21 149 0.274101222343
21 150 0.601929265429
22 29 0.395593886065
22 38 0.321080649534
22 49 0.298142397
22 51 0.288195208852
22 52 0.294372404705
22 83 0.436435780472
22 89 0.311739843194
22 107 0.399680383489
22 110 0.514344499874
22 115 0.683585927025
22 116 0.350931203172
22 117 0.42182454061
22 121 0.351581276967
22 127 0.329154009338
22 132 0.538381902058
22 180 0.291358273374
23 30 0.374502943137
23 38 0.305995030681
23 42 0.506369683542
23 46 0.315754488975
23 59 0.297745667088
23 76 0.405887479234
23 79 0.351364184463
23 93 0.300150112594
23 95 0.387492129146
23 100 0.438529009654
23 113 0.52342392259
23 134 0.326511574224
24 26 0.346271680532
24 61 0.432337701167
24 62 0.58321184352
24 70 0.340601351645
24 78 0.652328073053
24 83 0.514344499874
24 104 0.275449694396
24 110 0.430730492254
24 117 0.590281336101
24 121 0.367111549107
24 125 0.490880693674
24 127 0.677285461479
24 130 0.274204248554
24 132 0.277992360875
24 149 0.296304425473
24 150 0.562543950463
24 213 0.264442942674
25 31 0.409960030845
25 41 0.330589802454
25 44 0.290496446887
25 48 0.256748082982
25 54 0.23186944788
25 58 0.489115988045
25 72 0.312043239707
25 77 0.203573544813
25 87 0.331314780961
25 88 0.317981500374
25 99 0.189218908152
25 135 0.200885850923
25 144 0.233253004464
26 62 0.422577127364
26 68 0.213833433033
26 78 0.363456182092
26 94 0.251816482583
26 125 0.536828127095
26 127 0.276712266456
26 130 0.382919790534
26 142 0.325990683319
26 150 0.287479787288
26 213 0.279508497187
26 215 0.264442942674
27 29 0.534522483825
27 38 0.808452083454
27 46 0.550481882563
27 55 0.514344499874
27 59 0.546358364708
27 79 0.407231481188
27 89 0.366126012969
27 91 0.377425678048
27 100 0.35289233662
27 101 0.330951696161
27 107 0.447661481036
27 113 0.314037146511
27 115 0.407231481188
27 116 0.611990061362
27 126 0.477818482567
27 132 0.296434583364
27 180 0.328443092721
28 32 0.538381902058
28 36 0.490880693674
28 53 0.34900240638
28 56 0.386333704643
28 63 0.60971076085
28 64 0.282616709472
28 67 0.28548133477
28 69 0.275868629534
28 75 0.283410100633
28 87 0.292352673102
28 96 0.420331351709
28 97 0.394976252767
28 102 0.501254707117
28 105 0.348155311911
28 106 0.344010458077
28 112 0.328089357462
28 144 0.294755785468
29 38 0.475114338146
29 52 0.336526794068
29 55 0.345032779671
29 59 0.957826285221
29 86 0.293736747723
29 91 0.32075014955
29 100 0.308753760547
29 107 1.05999788001
29 115 0.488531968746
29 116 0.399361531915
29 126 0.329332460969
29 132 0.338255045746
29 180 0.533760512684
29 183 0.34710506725
30 42 0.417755993144
30 47 0.406557814091
30 60 0.361079072337
30 76 0.766964988847
30 79 0.488531968746
30 93 0.366371652724
30 95 0.353774568839
30 98 0.481125224325
30 100 0.375029300309
30 101 0.338448721711
30 113 0.437688109532
30 119 0.372161463782
30 124 0.408930410055
30 136 0.381801774161
30 148 0.416666666667
31 41 0.342997170285
31 45 0.202527102471
31 48 0.53760333057
31 54 0.413449115297
31 58 0.436435780472
31 72 0.233762291106
31 87 0.287242494811
31 88 0.229295083989
31 99 0.314347306731
31 112 0.290007395283
31 123 0.245588336206
31 135 0.359210604054
32 35 0.457389353746
32 36 0.816496580928
32 53 0.309196207052
32 56 0.419960525566
32 63 0.749531688996
32 64 0.430730492254
32 67 0.406222231851
32 69 0.328797974611
32 87 0.306138387461
32 96 0.331679063403
32 97 0.294117647059
32 102 0.743294146247
32 103 0.312195270527
32 109 0.318626493939
32 112 0.455487518674
32 128 0.337291628677
32 137 0.275032662068
32 144 0.426401432711
33 47 0.305708920258
33 60 0.444554224474
33 85 0.395593886065
33 114 0.404556697031
33 119 0.336526794068
33 120 0.495073771488
33 124 0.336526794068
33 136 0.354218173488
34 57 0.282054063663
34 82 0.269581933009
34 145 0.190970495428
34 160 0.16393442623
34 161 0.145386314006
34 163 0.180333926933
34 181 0.107328515345
34 185 0.255321460594
35 36 0.446321842677
35 58 0.244704392116
35 63 0.301237616564
35 64 0.403896195861
35 65 0.239045721867
35 67 0.480015360737
35 72 0.272670941575
35 77 0.458831467741
35 81 0.235571423716
35 87 0.300285406769
35 102 0.368855556782
35 109 0.513665496938
35 112 0.475651494154
35 128 0.332044550085
35 144 0.515710623129
36 56 0.295785503139
36 58 0.314658387764
36 63 0.469323254464
36 64 0.379868588199
36 67 0.480015360737
36 72 0.282955917487
36 77 0.317660468995
36 87 0.418486975319
36 102 0.633724250524
36 109 0.285017137171
36 112 0.683585927025
36 123 0.266406307724
36 128 0.299745324665
36 137 0.267643863786
36 144 0.60412209333
37 53 0.386333704643
37 56 0.380417928454
37 63 0.401609664451
37 69 0.408588923223
37 75 0.632455532034
37 93 0.642824346533
37 96 0.824786098842
37 97 0.329332460969
37 103 0.349215147885
37 105 0.456435464588
37 106 0.557278212575
37 118 0.333704322133
37 119 0.313265744838
37 124 0.305566165676
37 133 0.507020126563
37 134 0.367111549107
37 143 0.344827586207
38 46 0.611990061362
38 55 0.38320083262
38 59 0.50251890763
38 79 0.329332460969
38 89 0.440652649239
38 91 0.296826088598
38 100 0.35805743702
38 107 0.469323254464
38 113 0.324613736581
38 115 0.469323254464
38 116 0.622572806365
38 126 0.489702106874
38 180 0.296956935458
39 43 0.343199111527
39 73 0.284785885906
39 74 0.239938583583
39 129 0.636284762976
39 138 0.20104818295
39 146 0.2387729942
39 157 0.109850321061
40 49 0.423333756667
40 51 0.425243255563
40 52 0.266028961489
40 62 0.280606766633
40 68 0.231931803521
40 71 0.22662980455
40 78 0.27066598098
40 84 0.279508497187
40 110 0.403896195861
40 117 0.318626493939
40 122 0.273485494372
40 127 0.324784901231
40 166 0.280275927336
40 169 0.289885517826
41 44 0.227861975675
41 45 0.283296349835
41 48 0.271163072273
41 54 0.340010200459
41 58 0.607456739231
41 67 0.324272217563
41 72 0.36514837167
41 77 0.274617518191
41 87 0.32241294011
41 88 0.435194139889
41 99 0.270963907302
41 112 0.31670317761
41 144 0.260377821962
42 46 0.317340407988
42 75 0.31528333056
42 76 0.46175709654
42 90 0.386333704643
42 93 0.471404520791
42 95 0.288434872269
42 98 0.535287727572
42 100 0.360374985078
42 101 0.320420668056
42 113 0.764719112902
42 131 0.32025630761
42 134 0.392837100659
42 140 0.287242494811
43 73 0.205846742398
43 74 0.252377232563
43 129 0.374765844498
43 138 0.178599906592
43 146 0.285714285714
43 157 0.127432486631
44 58 0.278315169996
44 72 0.42182454061
44 77 0.266690373531
44 87 0.306858205966
44 88 0.341394370999
44 111 0.173526402098
44 144 0.264535453764
45 48 0.217288640208
45 74 0.289885517826
45 88 0.207703246199
45 99 0.287479787288
45 138 0.229961024909
45 146 0.240771706172
45 189 0.167954591217
46 55 0.361314686765
46 59 0.319275428407
46 76 0.360374985078
46 79 0.360609222987
46 89 0.408930410055
46 90 0.389544693566
46 100 0.357828133482
46 101 0.455015755193
46 113 0.470360434192
46 116 0.455015755193
46 126 0.449013255067
46 139 0.404888165089
46 140 0.451293682407
47 60 0.567961834247
47 76 0.429141075423
47 79 0.420331351709
47 85 0.326685760192
47 101 0.404888165089
47 114 0.314192111803
47 119 0.378234737236
47 124 0.431531852002
47 136 0.84818892968
47 148 0.321578320692
48 54 0.46473941234
48 58 0.276818266179
48 99 0.395903791232
48 123 0.266311820646
48 135 0.46473941234
48 189 0.215315317937
49 51 0.526315789474
49 62 0.278855693267
49 68 0.262161252547
49 78 0.303588370359
49 84 0.417391935565
49 110 0.343199111527
49 117 0.328797974611
49 122 0.381523796858
49 127 0.275032662068
49 132 0.330049180992
49 166 0.259674572002
49 169 0.264813570666
50 197 0.206460034754
50 203 0.106154959216
50 211 0.35805743702
51 68 0.202527102471
51 84 0.295012206383
51 110 0.286064783845
51 122 0.346271680532
51 132 0.278099839078
51 160 0.196532317238
51 166 0.441081091391
51 169 0.480569331332
51 171 0.225761820493
51 182 0.203320919841
52 86 0.223718685071
52 91 0.282278718469
52 107 0.359907875374
52 108 0.227155425212
52 110 0.323085334876
52 115 0.296434583364
52 180 0.251736680178
53 56 0.320585281819
53 63 0.397150735395
53 64 0.318950466055
53 69 0.276818266179
53 75 0.37529331252
53 96 0.493263623667
53 105 0.356688187503
53 106 0.451753951453
53 118 0.282391247362
53 123 0.371904001653
53 133 0.444115591684
53 135 0.28375217692
53 137 0.521286035143
53 143 0.286181903516
53 147 0.363696483727
54 58 0.333704322133
54 65 0.228098961673
54 67 0.368604890387
54 80 0.226921364949
54 87 0.244193145253
54 99 0.47298376984
54 112 0.343401409872
54 123 0.46175709654
54 135 0.392232270276
54 137 0.317820863082
55 59 0.35289233662
55 61 0.295785503139
55 66 0.352234976838
55 79 0.414869906823
55 91 0.753778361444
55 101 0.383764778227
55 104 0.29514066805
55 107 0.3564615029
55 115 0.318626493939
55 116 0.492067831305
55 126 0.72547625011
55 136 0.304572451937
55 140 0.304997140665
56 63 0.543125446594
56 69 0.665190105238
56 75 0.355559067267
56 93 0.370879470776
56 96 0.449921270666
56 97 0.411345034895
56 102 0.361314686765
56 103 0.391330240097
56 105 0.304997140665
56 106 0.307292541932
56 134 0.379321620905
56 148 0.248759297552
57 68 0.220059424068
57 71 0.325300024316
57 82 0.313882410287
57 94 0.165227199032
57 145 0.401933935529
57 160 0.224055357474
57 161 0.131013111138
57 163 0.142595472894
57 171 0.13514747568
57 182 0.125888285948
57 185 0.262522356371
58 67 0.376354964747
58 72 0.488531968746
58 77 0.30303030303
58 87 0.55131784642
58 88 0.379868588199
58 99 0.234985343246
58 112 0.420331351709
58 144 0.356688187503
59 79 0.377425678048
59 86 0.351798772365
59 91 0.295012206383
59 95 0.299610758856
59 100 0.425628265379
59 107 0.795557284176
59 108 0.350070021007
59 115 0.363216356146
59 116 0.350499818616
59 126 0.339617805406
59 180 0.457389353746
59 183 0.38096965888
60 76 0.35828718195
60 85 0.716114874039
60 90 0.330049180992
60 98 0.379321620905
60 101 0.343807082086
60 114 0.519174131651
60 118 0.335200761577
60 119 0.783260449988
60 120 0.286534127531
60 124 0.830454798537
60 136 0.813788458771
60 140 0.29160592176
61 62 0.347314355824
61 66 0.295269297679
61 70 0.441510785688
61 78 0.303169531295
61 83 0.323254091918
61 91 0.368354734342
61 104 0.311437329932
61 110 0.350070021007
61 117 0.362738125055
61 121 0.291978581237
61 125 0.348790053208
61 127 0.563436169819
61 130 0.318950466055
61 150 0.31083493608
61 213 0.302475302009
62 70 0.276500631805
62 78 0.909090909091
62 83 0.342192955415
62 110 0.356915305124
62 117 0.454076609186
62 121 0.345444267927
62 125 0.783260449988
62 127 0.557278212575
62 130 0.274617518191
62 142 0.259849850167
62 149 0.286181903516
62 150 0.540738070436
62 213 0.245145168923
63 64 0.393140566985
63 69 0.437269469447
63 75 0.308606699924
63 96 0.527779813969
63 97 0.370116605099
63 102 0.527779813969
63 103 0.401609664451
63 105 0.318142381488
63 106 0.341394370999
63 112 0.314970394174
63 128 0.352453688425
63 137 0.300692389662
64 65 0.355110412114
64 67 0.41922180815
64 102 0.293357324424
64 103 0.27307730684
64 109 0.536056267419
64 112 0.405887479234
64 123 0.397150735395
64 128 0.617802063215
64 137 0.428352936878
64 144 0.27597366233
64 147 0.306713836066
65 80 0.39405520312
65 99 0.222772959677
65 109 0.34773407121
65 123 0.306713836066
65 128 0.284325067018
65 137 0.277563690827
66 70 0.475651494154
66 91 0.330049180992
66 104 0.534522483825
66 126 0.351798772365
66 139 0.314037146511
66 140 0.371390676354
66 141 0.296956935458
66 149 0.262161252547
66 213 0.279727119432
67 72 0.312043239707
67 77 0.365392047621
67 87 0.360141203033
67 102 0.295012206383
67 109 0.329869562377
67 112 1.09108945118
67 123 0.341992784028
67 128 0.268510806771
67 137 0.288915998328
67 144 0.457389353746
68 71 0.343401409872
68 84 0.46473941234
68 94 0.189320611416
68 122 0.293357324424
68 142 0.318788356532
68 145 0.216371161204
68 160 0.23281009859
69 75 0.316069770621
69 93 0.396214425875
69 96 0.379594809001
69 97 0.321246283102
69 102 0.29488391231
69 103 0.751646028003
69 124 0.29617443888
69 128 0.288195208852
69 133 0.294117647059
69 134 0.377157143202
69 148 0.371134809513
70 78 0.252780069583
70 91 0.293610109757
70 104 0.495073771488
70 125 0.307874535904
70 127 0.296434583364
70 130 0.281941937217
70 141 0.28795614186
70 149 0.304149532336
70 150 0.28795614186
70 213 0.512989176043
70 215 0.28104971366
71 82 0.181190344406
71 84 0.246407090318
71 94 0.272975545216
71 122 0.217494114145
71 142 0.228934273248
71 145 0.324784901231
71 160 0.240771706172
71 166 0.1650695502
71 169 0.169006708854
71 171 0.165430555662
71 185 0.18221012927
72 77 0.438529009654
72 87 0.496291666985
72 88 0.429536779588
72 112 0.330229093342
72 144 0.44499415949
73 74 0.136208941321
73 129 0.235180217096
73 138 0.126319428645
73 146 0.136525927882
73 151 0.107707604533
73 157 0.137646542531
73 200 0.0821828366576
73 212 0.0986767365932
74 88 0.198810693122
74 129 0.240981346356
74 138 0.305566165676
74 146 0.778498944162
75 92 0.318626493939
75 93 0.668153104781
75 96 0.535287727572
75 97 0.313112145543
75 105 0.677285461479
75 106 0.737209780774
75 118 0.287479787288
75 133 0.381523796858
75 134 0.414513336145
75 143 0.358748001667
76 79 0.688428390822
76 90 0.419960525566
76 98 0.60412209333
76 100 0.480569331332
76 101 0.541530361074
76 113 0.677285461479
76 119 0.338642730739
76 124 0.343807082086
76 136 0.418853908292
76 140 0.35289233662
77 87 0.360374985078
77 88 0.272165526976
77 102 0.259412318538
77 109 0.264442942674
77 111 0.204081632653
77 112 0.38490017946
77 144 0.553001263609
78 83 0.394976252767
78 84 0.243902439024
78 110 0.379049021789
78 117 0.559016994375
78 121 0.4
78 125 0.60858061945
78 127 0.510976130308
78 142 0.268414063548
78 149 0.29260286799
78 150 0.813788458771
79 95 0.358979079309
79 100 0.54392829322
79 101 0.470360434192
79 113 0.417028828114
79 126 0.346896156568
79 136 0.39013715732
80 99 0.249921911602
80 123 0.320585281819
80 137 0.284670471155
80 189 0.189049766339
80 211 0.200401204014
81 97 0.204379779828
81 102 0.276606388409
81 111 0.480015360737
81 152 0.212477591436
81 153 0.278855693267
81 178 0.177611208331
82 145 0.313419570404
82 160 0.140206817386
82 161 0.118370137371
82 163 0.132025425264
82 185 0.167365481751
83 89 0.384615384615
83 91 0.296956935458
83 110 0.572598334314
83 115 0.563436169819
83 116 0.450377349111
83 117 0.743294146247
83 121 0.507673082567
83 127 0.5
83 132 0.506369683542
83 149 0.336908560265
83 150 0.436020720197
84 122 0.69843029577
84 142 0.210678105394
84 160 0.260113434191
84 166 0.210678105394
84 169 0.217700172092
85 90 0.323931774196
85 98 0.37267799625
85 114 0.606339062591
85 118 0.588235294118
85 119 0.920574617898
85 124 0.683585927025
85 133 0.418853908292
85 136 0.389840587793
85 143 0.351364184463
85 147 0.315754488975
86 95 0.377425678048
86 100 0.383482494424
86 107 0.288434872269
86 108 0.505076272276
86 180 0.267070545319
86 183 0.329869562377
87 88 0.31528333056
87 102 0.322748612184
87 112 0.471929178183
87 144 0.487370178829
88 144 0.235115205286
88 146 0.220059424068
89 115 0.404556697031
89 116 0.436435780472
89 117 0.269484027818
89 121 0.351798772365
89 132 0.373196685431
89 141 0.32075014955
89 149 0.339226765776
89 150 0.254989226933
90 98 0.568880123989
90 101 0.622572806365
90 113 0.482804549585
90 114 0.363456182092
90 119 0.314502731861
90 131 0.424476359978
90 136 0.312043239707
90 139 0.490880693674
90 140 0.766964988847
90 143 0.298407766342
91 104 0.352672807929
91 107 0.325300024316
91 115 0.325644804513
91 116 0.430730492254
91 126 0.465242105199
91 127 0.284210211402
92 105 0.280938780277
92 106 0.32191138999
92 118 0.439799497134
92 131 0.402258993355
92 133 0.345032779671
92 143 0.758098043579
93 96 0.436435780472
93 97 0.345857231933
93 98 0.376621788577
93 103 0.307437730951
93 105 0.397150735395
93 106 0.397778642088
93 113 0.323931774196
93 133 0.329869562377
93 134 0.690065559342
93 143 0.297087955511
94 130 0.27576371657
94 142 0.222607308674
94 145 0.223495078134
94 215 0.190657855935
95 100 0.469323254464
95 108 0.34710506725
95 134 0.265559525864
95 148 0.268317424818
95 178 0.301511344578
95 180 0.234661627232
95 183 0.295012206383
96 97 0.36442025854
96 103 0.31481427501
96 105 0.477273959903
96 106 0.576390417704
96 133 0.427960492511
96 134 0.313573622795
96 137 0.28712406871
97 102 0.348155311911
97 103 0.286064783845
97 105 0.351364184463
97 106 0.309492230295
97 134 0.403567156136
98 101 0.410650781177
98 113 0.653720450461
98 114 0.348366507146
98 118 0.337676006727
98 119 0.444554224474
98 124 0.393444737682
98 131 0.429536779588
98 136 0.352234976838
98 139 0.354886720494
98 140 0.403238919273
98 143 0.360374985078
99 123 0.308020551817
99 135 0.298673845545
99 189 0.231682682286
100 101 0.373196685431
100 107 0.311588476425
100 108 0.299880071952
100 113 0.405887479234
100 126 0.304997140665
101 113 0.434782608696
101 114 0.308166775681
101 126 0.416305447122
101 136 0.394361503363
101 139 0.363456182092
101 140 0.575435337648
102 103 0.298673845545
102 109 0.253022699685
102 112 0.349428278907
102 128 0.273792839097
102 144 0.421449751961
103 124 0.291978581237
103 128 0.348578087188
103 134 0.290864863582
103 148 0.388954920792
104 141 0.244411858369
104 213 0.310684883001
104 215 0.225761820493
105 106 1.3130643286
105 133 0.288554928412
105 134 0.327209995502
106 133 0.359210604054
106 134 0.300150112594
106 143 0.330951696161
107 108 0.288915998328
107 110 0.289885517826
107 115 0.522708373489
107 116 0.404888165089
107 126 0.371390676354
107 132 0.290496446887
107 180 0.373196685431
107 183 0.295785503139
108 164 0.2252457928
108 178 0.253022699685
108 180 0.266311820646
108 183 0.377157143202
109 112 0.30758312596
109 128 0.50379272186
109 144 0.263981838674
110 115 0.457389353746
110 117 0.944911182523
110 121 0.368354734342
110 125 0.277563690827
110 127 0.716114874039
110 132 0.400641540108
110 150 0.340403958785
111 152 0.18515344006
111 153 0.273587827582
112 123 0.318626493939
112 137 0.281941937217
112 144 0.550481882563
113 131 0.34710506725
113 139 0.362261778001
113 140 0.393749615479
114 118 0.423713598607
114 119 0.498754668054
114 124 0.404888165089
114 131 0.288434872269
114 136 0.385185607886
114 139 0.281941937217
114 140 0.342795585096
114 143 0.320420668056
115 116 0.632455532034
115 117 0.423333756667
115 121 0.38490017946
115 126 0.378234737236
115 127 0.344827586207
115 132 0.444115591684
116 117 0.330049180992
116 121 0.368354734342
116 126 0.65512178208
116 132 0.328797974611
116 141 0.32191138999
116 149 0.33903175181
117 121 0.52342392259
117 125 0.346271680532
117 127 0.860662965824
117 132 0.373978796003
117 149 0.299880071952
117 150 0.524863881081
118 119 0.479463301485
118 124 0.378777009539
118 131 0.310236024279
118 133 0.6637233116
118 143 0.695048046857
118 147 0.404888165089
119 124 1.54303349962
119 133 0.427960492511
119 136 0.457389353746
119 143 0.337483653531
119 147 0.304997140665
121 125 0.300828418798
121 127 0.405553552827
121 132 0.327912917892
121 141 0.384615384615
121 149 0.558145572186
121 150 0.613139339485
122 160 0.296826088598
122 166 0.260997875486
122 169 0.271063434911
122 171 0.217803420935
122 182 0.201660451699
123 128 0.258371194664
123 135 0.34900240638
123 137 0.842151921067
123 147 0.308459849238
124 133 0.377964473009
124 136 0.492664639082
124 148 0.345444267927
125 127 0.419960525566
125 130 0.352453688425
125 142 0.305139098849
125 149 0.270171613479
125 150 0.500626174322
125 213 0.317021312474
125 215 0.245366452406
126 139 0.308606699924
126 140 0.354218173488
127 132 0.304572451937
127 149 0.288314965852
127 150 0.451753951453
128 137 0.301374387339
128 147 0.301648488703
129 138 0.232056665874
129 146 0.239250882015
129 157 0.106880069826
129 212 0.0877395544053
130 142 0.227566779314
130 213 0.37529331252
130 215 0.496291666985
131 139 0.48224282217
131 140 0.38320083262
131 143 0.436852028331
131 188 0.277670672404
132 150 0.264813570666
132 180 0.308459849238
133 137 0.318626493939
133 143 0.480015360737
133 147 0.493263623667
135 137 0.320420668056
136 140 0.304997140665
136 148 0.289399540087
137 147 0.450834817334
138 146 0.241121411085
139 140 0.836242010007
139 141 0.316227766017
139 188 0.319275428407
141 149 0.712470499879
141 150 0.312195270527
141 188 0.259150858047
142 145 0.21110016546
142 215 0.175763483059
143 147 0.302475302009
145 160 0.161395322476
145 185 0.159882369848
149 150 0.419960525566
151 157 0.194846278213
151 179 0.128310620799
151 202 0.0561204695467
151 212 0.0688526292515
152 153 0.424476359978
152 158 0.212094920992
152 164 0.160498964384
152 178 0.76028592127
153 158 0.211194301548
153 178 0.275868629534
154 156 0.121214347391
154 159 0.295527062283
154 167 0.0634770316589
154 170 0.0890835456463
154 177 0.0902440339667
154 184 0.0651013521854
155 161 0.100453060462
155 162 0.916698497028
155 165 0.221295269886
155 167 0.10814129022
155 168 0.335200761577
155 172 0.179086127111
155 173 0.143120258661
155 175 0.125619814119
155 177 0.0825797899794
155 181 0.131170809033
155 184 0.0966465555371
156 159 0.163277547297
156 167 0.063469359946
156 170 0.193637065372
156 177 0.0704103146837
156 184 0.0678703502926
157 179 0.085187405462
157 212 0.0641790887509
158 164 0.162328251186
158 178 0.184365079841
159 167 0.0751837197357
159 170 0.114168344319
159 177 0.10313115381
159 184 0.0772160485216
160 161 0.141904655074
160 163 0.135159819606
160 166 0.216828444901
160 169 0.21811405112
160 171 0.260025483746
160 174 0.152180385882
160 182 0.2183218778
160 185 0.311437329932
161 162 0.104285549344
161 163 0.443678254708
161 165 0.150075056297
161 168 0.123673753513
161 172 0.11194341571
161 173 0.151899220956
161 175 0.119497257121
161 181 0.389840587793
161 185 0.204765038945
162 165 0.237356331639
162 167 0.0985329278164
162 168 0.378777009539
162 172 0.161311306165
162 173 0.135320599061
162 175 0.141393080449
162 177 0.0761188442623
162 181 0.135295826411
162 184 0.0900754698222
163 165 0.1153470825
163 168 0.0999900014998
163 172 0.104484594882
163 173 0.139346602858
163 175 0.101665713555
163 181 0.233762291106
163 185 0.222222222222
164 174 0.130432316993
164 176 0.163692651118
164 178 0.181220094073
164 183 0.224960635333
165 167 0.101665713555
165 168 0.567961834247
165 172 0.143918415626
165 173 0.166712982262
165 175 0.134122507115
165 181 0.224167919831
165 184 0.0977110578728
166 169 1.85695338177
166 171 0.400320384513
166 174 0.247916951814
166 176 0.205023092026
166 182 0.2897637939
167 168 0.104891899045
167 170 0.0677549695223
167 172 0.117990506866
167 173 0.121545180512
167 177 0.139171060772
167 181 0.0869368029615
167 184 0.163495628798
168 172 0.149303629511
168 173 0.151829172891
168 175 0.134315941515
168 177 0.0728821159536
168 181 0.171549048167
168 184 0.0950872826411
169 171 0.38208035995
169 174 0.237960378136
169 176 0.210072907951
169 182 0.307147558417
170 177 0.0730063160496
170 184 0.0830111375214
171 174 0.35828718195
171 175 0.137908079044
171 176 0.237089339055
171 182 0.477273959903
171 185 0.16209350305
172 173 0.288915998328
172 175 0.0990584662066
172 177 0.110471950038
172 181 0.146773426083
172 184 0.158232601996
173 175 0.0949628649103
173 177 0.0952165066409
173 181 0.22086305215
173 184 0.19295098317
174 175 0.163802416202
174 176 0.36514837167
174 182 0.312805623545
174 185 0.116397163575
175 176 0.169882397146
175 181 0.126663486046
175 182 0.161605938933
176 182 0.31528333056
177 184 0.141506285495
178 183 0.220059424068
179 202 0.0445219029848
180 183 0.572598334314
181 184 0.106806889352
181 185 0.136500487478
182 185 0.155624352884
186 190 0.102608636686
186 192 0.11448964073
186 194 0.064623813028
186 198 0.205368685347
186 200 0.0986431248964
186 201 0.08083728351
186 202 0.0555384167134
186 205 0.0629915792186
186 206 0.0546390986039
186 207 0.0697580106415
186 209 0.107489604243
187 193 0.0912566790926
187 194 0.0572842548769
187 196 0.0545853480058
187 199 0.0684385910829
187 205 0.0565712579805
187 206 0.070620694062
187 207 0.0466775282353
187 210 0.216726575764
190 192 0.066870561222
190 194 0.0527112169835
190 198 0.073137020743
190 204 0.0503250168329
190 207 0.0584665370452
190 209 0.0624670670638
191 200 0.070015720294
191 201 0.0671928308537
191 202 0.131351734373
191 206 0.0504535987288
191 209 0.0730862162125
191 212 0.101644703901
192 198 0.148971916971
192 200 0.254164283888
192 201 0.196722368841
192 202 0.0739929192164
192 209 0.10656403572
192 212 0.0733038548212
193 194 0.0386281819525
193 196 0.105514822972
193 199 0.188645669476
193 210 0.106256786539
194 203 0.0645645201684
194 205 0.0874672742281
194 206 0.0870355312399
194 207 0.179924807143
194 208 0.0409705335266
194 209 0.0473694314363
194 210 0.048456414825
195 204 0.0311558229521
195 208 0.0581081165972
196 199 0.21110016546
196 210 0.0576017371103
197 203 0.171650107998
197 205 0.104245876571
197 211 0.19440394784
198 200 0.13827674747
198 201 0.095389627705
198 202 0.0638108692057
198 205 0.0658879342732
198 209 0.0976272056981
198 212 0.0630441337326
199 210 0.0764428595833
200 201 0.217597069945
200 202 0.0953072775556
200 209 0.103043513128
200 212 0.099910121318
201 202 0.104444694596
201 209 0.115888004323
201 212 0.0957387217453
202 209 0.0821024703568
202 212 0.194883275513
203 205 0.129531940038
203 206 0.071962934242
204 207 0.0468431606735
204 208 0.0362614094077
204 209 0.0696699194763
205 206 0.147538208122
205 207 0.0634898240316
205 210 0.0514944255152
206 207 0.0665101823244
206 210 0.0617542843907
207 208 0.0464674181882
207 209 0.0545179772003
207 210 0.0400808846776
209 212 0.065551577262
213 215 0.50379272186
