
102 117 185 240 270 349 405 460 516 550 612 634 657 673 737 787 
63 85 162 170 222 256 258 312 361 378 410 470 511 543 698 898 
22 28 79 148 188 446 488 529 545 561 580 700 707 743 750 760 823 
82 133 147 200 225 306 403 443 494 598 786 951 
98 130 179 232 237 304 319 391 423 539 542 640 643 661 
8 52 56 76 142 256 261 296 306 347 369 379 396 416 417 439 449 477 496 497 549 566 584 596 605 641 688 709 716 765 777 782 801 802 835 872 873 882 885 906 910 941 944 950 957 960 961 985 
114 119 121 183 211 230 310 374 380 386 409 541 551 650 684 755 775 802 822 889 902 910 
19 33 44 53 126 195 201 228 298 362 371 518 556 565 576 601 631 632 647 666 674 680 708 712 746 750 751 811 828 892 908 910 918 920 930 962 
6 37 88 163 219 294 298 336 422 535 586 713 
138 161 238 252 314 328 362 365 444 453 527 617 646 754 
23 25 42 46 67 110 150 158 196 198 277 314 318 333 371 425 437 445 462 504 537 564 572 574 587 629 662 753 756 764 785 792 805 806 832 834 859 884 931 951 956 963 978 988 
136 146 182 288 308 344 474 528 579 638 942 960 
29 124 301 313 366 373 398 412 413 421 519 525 551 557 600 638 697 725 730 735 776 783 799 881 916 936 954 957 
12 21 73 128 141 195 213 223 265 299 360 420 440 466 513 515 536 546 648 649 679 766 788 795 796 852 856 935 945 946 965 971 974 975 979 983 984 987 994 995 
22 43 65 69 166 214 302 503 522 540 633 656 742 769 824 943 976 
103 146 153 210 211 221 227 275 281 285 341 345 355 368 372 395 418 466 544 565 575 602 611 620 686 699 710 723 728 732 750 791 875 880 923 928 934 946 948 957 960 976 
22 35 175 191 193 209 285 294 326 429 631 665 696 739 849 898 
2 25 32 36 37 116 125 178 186 254 263 272 331 340 393 408 412 420 459 482 489 508 534 570 581 587 622 652 672 704 706 713 724 734 738 766 770 771 800 840 873 879 891 897 903 940 945 973 981 993 
97 100 141 226 229 251 320 334 397 592 604 606 619 690 701 
132 184 217 244 385 392 406 424 450 467 493 506 517 607 627 749 826 942 
31 40 43 123 144 151 203 218 279 290 316 387 419 461 498 635 671 730 754 764 836 837 854 858 924 929 972 988 
20 57 75 194 266 268 428 457 468 471 585 599 626 677 874 
74 124 127 141 145 156 168 186 191 199 245 343 407 438 463 478 510 524 602 622 631 660 681 705 711 762 802 804 817 840 842 874 995 
1 89 91 122 167 195 215 244 247 267 280 351 404 423 461 482 532 582 595 609 613 641 649 664 694 703 746 780 825 834 862 868 925 967 996 
25 152 160 265 363 383 399 401 479 483 500 530 568 616 621 675 685 726 733 740 827 899 901 945 
14 140 155 172 176 271 304 306 381 440 490 491 509 558 560 592 625 677 692 714 752 863 922 927 
11 24 37 51 135 154 174 189 204 235 259 260 282 293 304 354 361 367 371 430 456 485 514 531 590 651 654 655 669 690 713 729 735 786 795 808 815 820 830 839 844 845 866 876 894 902 909 980 998 
60 62 207 283 332 357 400 427 461 502 562 588 593 594 645 717 722 824 831 855 887 888 896 
2 48 64 115 129 205 234 236 329 350 376 415 428 466 478 529 597 603 747 803 838 853 914 944 951 958 970 
120 159 211 216 220 233 296 370 390 404 432 434 492 512 526 548 567 571 587 623 638 641 718 721 745 773 779 781 790 792 821 849 869 873 874 904 905 915 917 921 926 938 939 946 966 990 991 992 
4 17 24 41 55 59 99 101 108 180 257 298 338 362 404 412 423 440 520 565 577 592 624 659 678 731 744 757 795 810 818 824 913 982 
39 47 81 173 242 249 250 327 356 388 401 475 476 608 610 747 898 
15 32 38 112 113 149 201 208 241 257 296 305 322 401 411 455 481 553 576 841 850 870 912 932 943 947 952 968 977 997 1000 
5 58 71 84 111 134 164 165 169 181 190 206 309 339 375 436 523 529 569 573 583 774 840 849 857 871 883 895 900 986 
7 106 137 255 257 274 286 294 359 428 465 486 554 573 690 794 812 816 
66 78 99 143 171 201 224 239 288 361 431 454 487 521 736 761 771 784 833 861 
2 3 32 45 54 86 127 262 353 435 447 482 538 559 615 628 701 702 747 766 943 
18 105 127 289 297 441 448 480 495 563 649 695 764 767 768 942 988 
12 46 197 324 330 414 426 472 591 609 614 687 763 771 778 807 901 
24 46 61 93 131 139 177 191 244 246 264 287 342 451 499 505 578 622 642 644 667 683 689 754 759 851 867 944 976 
68 77 80 157 248 317 323 364 389 814 
12 13 43 70 90 99 107 243 314 346 348 551 555 663 682 691 693 720 741 746 748 809 829 846 878 886 890 937 949 953 
16 83 87 96 118 186 226 234 253 276 295 321 335 394 442 452 458 469 478 533 576 602 637 653 658 758 772 786 798 814 847 877 907 955 969 995 
9 34 92 104 109 146 231 273 292 307 337 377 501 552 589 636 639 668 676 719 727 730 789 792 819 834 843 860 902 911 919 933 964 989 999 
49 50 95 234 285 288 291 303 484 507 630 677 
10 26 27 187 202 226 265 284 315 384 433 464 
30 72 94 124 192 212 256 269 278 300 311 325 352 358 382 402 420 473 547 573 609 618 670 701 715 735 793 797 813 814 848 864 865 893 901 959 

























































































































































































































































































































































































































































































































































































































































































































































































































































































































































































