7 72 119 172 185 220 331 333 338 380 391 446 453 455 466 472 474 478 509 546 551 580 602 
27 59 73 82 98 100 105 106 130 133 134 170 241 248 273 294 358 367 381 414 436 440 477 512 610 611 632 668 675 684 703 725 780 825 828 829 839 864 887 898 910 958 983 984 988 1000 
10 17 50 84 158 215 270 277 283 293 314 434 454 499 501 569 597 605 613 717 771 784 
15 26 88 109 143 154 159 189 253 284 372 394 447 485 515 566 575 584 641 653 688 698 773 
8 9 22 24 43 46 68 89 95 97 102 113 121 138 147 162 174 182 184 242 250 261 276 286 306 308 322 323 325 327 329 346 356 457 504 505 527 528 533 554 561 574 588 598 604 615 617 654 656 659 676 692 700 711 728 736 762 770 779 790 817 844 855 871 880 882 891 896 924 928 942 950 951 959 961 964 967 976 992 998 999 
30 127 177 197 271 292 304 357 375 395 413 424 426 427 511 520 545 548 572 586 635 639 647 661 706 792 830 
2 19 33 52 65 81 85 90 108 110 125 135 146 183 207 227 232 233 237 258 260 263 264 265 278 280 299 301 328 335 337 354 364 369 385 399 443 464 517 523 529 534 553 560 589 592 608 609 624 633 649 652 660 678 686 690 705 710 731 742 744 766 767 786 808 820 826 847 856 857 877 878 881 883 892 903 912 919 933 934 937 939 946 949 962 963 966 970 977 981 986 993 
6 34 38 54 57 77 92 139 156 160 168 175 179 199 222 228 256 289 300 320 389 422 428 431 435 439 469 489 508 539 540 544 549 559 565 567 599 600 619 621 622 630 631 651 655 669 674 701 713 714 726 734 754 757 759 799 803 804 832 853 870 931 936 968 972 982 
5 48 123 132 157 161 181 214 245 311 392 421 456 459 465 490 526 552 577 593 626 643 648 683 702 707 709 765 805 841 888 897 904 907 908 922 944 953 974 975 990 
40 49 120 122 124 144 218 287 316 317 340 353 379 387 400 480 493 514 532 550 603 666 680 695 815 
11 44 151 165 173 200 212 238 257 274 352 374 383 390 398 412 415 420 430 449 470 488 497 503 506 516 537 556 724 740 794 872 901 927 938 943 
12 58 75 87 94 145 204 236 247 272 330 362 370 416 417 419 442 445 450 468 471 473 483 538 601 612 614 625 694 704 719 722 733 737 814 874 911 969 978 985 
74 86 101 129 136 148 149 153 166 171 188 191 194 203 217 224 239 244 279 297 305 312 343 360 371 377 382 388 405 408 463 482 524 530 557 564 581 582 590 670 677 712 720 727 729 749 751 753 755 776 781 833 846 850 860 875 886 954 956 991 
31 45 56 63 67 71 78 137 205 216 249 259 291 324 347 349 350 401 404 418 492 502 519 594 607 681 685 708 715 721 723 743 746 760 761 821 827 835 837 845 863 869 890 893 895 905 909 915 926 945 947 971 980 994 996 
4 13 21 28 93 116 118 126 140 155 163 167 169 201 209 223 235 298 307 309 318 351 366 378 384 386 411 432 451 460 467 475 496 500 513 558 571 596 629 645 650 657 687 699 741 810 819 842 859 884 885 902 913 921 952 973 
35 39 41 47 69 91 112 164 176 187 290 345 361 365 402 403 410 444 452 491 525 543 568 583 682 793 807 831 873 
23 25 37 61 64 66 80 103 104 107 142 193 210 225 226 234 251 254 262 267 282 288 321 334 339 376 423 429 438 481 484 486 494 518 522 536 573 576 618 620 627 634 646 658 663 667 671 693 718 730 732 748 750 768 769 772 775 778 785 788 798 822 851 862 900 923 929 941 979 995 
16 18 32 79 111 117 186 190 213 219 231 240 243 275 281 302 303 332 336 348 359 363 373 437 458 461 487 498 510 521 595 752 787 789 795 800 802 848 889 894 899 925 935 955 997 
20 29 55 70 114 152 180 195 196 198 202 252 255 268 295 315 341 342 344 368 393 396 476 542 555 562 570 606 628 644 691 735 747 801 806 812 818 836 849 866 868 876 916 960 965 989 
3 14 42 51 53 150 192 211 319 441 462 495 507 535 637 642 689 696 716 739 763 764 777 782 783 811 834 838 852 
1 60 62 83 96 128 131 141 266 269 296 313 326 406 409 531 547 578 585 591 616 636 638 640 673 679 697 738 758 774 796 813 816 824 840 843 854 858 861 917 918 920 930 932 940 957 987 
36 76 99 115 178 206 208 221 229 230 246 285 310 355 397 407 425 433 448 479 541 563 579 587 623 662 664 665 672 745 756 791 797 809 823 865 867 879 906 914 948 
