1 3 1.12655616012
1 4 0.707336400732
1 5 0.801580314393
1 7 0.742394075667
1 8 0.781891103841
1 9 0.959033324758
1 10 0.82016774437
1 11 0.940242802442
2 4 0.5985298496
3 4 0.646258745095
3 5 0.588770326717
3 9 0.724980503048
3 10 0.692658864883
3 25 0.770286494836
4 23 0.609456487343
5 11 0.745211942795
6 12 0.664915200831
6 25 0.743989805443
6 26 0.983642295239
6 27 0.882480542355
6 29 0.727905444801
6 33 0.820611621261
6 34 0.947706920442
6 36 0.799126184598
7 8 0.731127052831
7 9 0.912597413423
7 10 0.76425460311
7 11 0.983889847308
7 12 1.0811111785
7 19 0.846078326794
7 20 0.901321476833
7 22 1.0545053928
7 23 0.752579415993
7 24 1.08784474759
7 28 0.867563879361
7 31 0.92590598221
7 32 0.836083134606
7 33 0.808478396948
7 36 0.908094042078
7 43 0.946602518508
7 46 0.817347016278
7 47 0.884780708053
7 48 1.03834437397
8 9 1.4866364138
8 10 1.81740158651
8 11 0.863389518261
8 19 1.01358346952
8 21 0.918087896887
8 22 0.759281419755
8 25 0.751204725814
8 28 0.948134588009
8 31 1.14790143022
8 32 1.06632418829
8 33 1.13966495737
8 34 1.09480836124
8 36 1.04096118668
8 45 0.887787489311
8 47 0.861209357838
8 48 0.88374962427
9 10 1.49676196263
9 11 1.274526944
9 12 0.762300793497
9 19 0.851808543017
9 21 0.827328466091
9 22 0.798223041638
9 25 0.769500865631
9 26 0.7286317383
9 27 0.691962603355
9 28 0.992237994506
9 31 1.19065609286
9 32 0.99337997939
9 33 1.0730147199
9 34 1.00959855849
9 36 1.09865653613
9 48 0.866288294991
10 11 0.84625151132
10 19 0.957203518991
10 21 0.992380863661
10 25 0.706348309468
10 28 0.955133257268
10 31 1.06689678546
10 32 1.07316604926
10 33 0.99959223809
10 34 0.924281914143
10 36 1.02819768613
10 45 0.951451915148
10 47 0.912962506494
10 48 0.915172826411
11 12 0.970975142136
11 23 0.636191921174
11 24 0.699933526071
11 25 0.681333479749
11 26 0.797471537494
11 27 0.795553930268
11 31 0.966597258525
11 32 0.801312182987
11 33 0.92152340882
11 34 0.853354427962
11 36 0.936910196296
12 22 0.789485840554
12 24 0.706290275191
12 26 0.968774764063
12 27 0.98560478967
12 29 1.25894072529
12 31 0.917175406446
12 32 0.768182767513
12 33 0.890418158846
12 34 0.819731867869
12 35 0.979538084739
12 36 0.887955489332
13 14 0.724484043338
13 15 1.05679209856
13 16 0.866754593553
13 17 0.832153155827
13 18 1.41662524702
13 37 0.663375548679
13 38 0.654345399333
13 42 0.65693408749
14 15 0.824098424793
14 16 1.080251385
14 17 0.663419637704
14 18 0.809962547032
14 37 0.673404026001
14 38 0.647266002229
14 39 0.642097419734
14 41 0.741736783941
14 42 0.750685681933
15 16 1.39392867491
15 17 1.74563261733
15 18 2.46719680697
15 37 0.822303189094
15 38 0.81594918431
15 39 0.641470439671
15 40 0.702973264913
15 41 0.65671978894
15 42 0.877251034386
16 17 1.017320222
16 18 1.28055138234
16 37 1.02408309266
16 38 0.988043770536
16 39 0.896051116152
16 40 0.669792521535
16 41 0.914299704231
16 42 1.11043697846
17 18 1.36041107906
17 37 0.844035164885
17 38 0.794265488071
17 39 0.634053680237
17 40 0.829494051291
17 41 0.642337776995
17 42 0.862886764742
18 37 0.795193482278
18 38 0.813071622012
18 40 0.61005534826
18 41 0.66635256988
18 42 0.810923545573
19 20 1.43836028104
19 21 0.993743895684
19 22 1.04899474979
19 28 0.963920637527
19 31 1.02077924395
19 32 0.86160182367
19 33 0.81892796476
19 43 1.18908375946
19 45 1.08853053557
19 46 1.30622607015
19 47 1.70478932431
19 48 1.75916053086
20 21 0.823126308068
20 22 0.941341315192
20 24 0.855997147752
20 43 1.35955649494
20 45 0.993399299578
20 46 1.51659983886
20 47 1.48610736974
20 48 1.45893446226
20 164 1.00589121259
20 168 1.00136671291
20 188 0.886289263
20 190 0.90249564228
20 191 0.849478352317
21 22 0.89600498005
21 28 1.22409937424
21 31 0.794652789544
21 45 1.05877113525
21 46 0.99536357426
21 47 1.19684914181
21 48 1.16802735771
21 254 0.773763550793
22 23 0.811481232548
22 24 1.28066895094
22 28 1.0627244647
22 31 0.876753265661
22 43 1.31017196201
22 44 1.24292102151
22 46 1.0627304028
22 47 1.21669373664
22 48 1.49152330946
23 24 1.26521885774
23 254 0.750148235241
24 44 0.981235245795
24 46 0.948047969647
24 47 0.916231646822
24 48 1.03118655556
25 26 0.884898102068
25 27 0.8312123398
25 31 0.76903952478
25 32 0.84823744494
25 33 0.899173578931
25 34 1.16342287673
25 36 0.937444005016
25 77 0.695791489633
26 27 3.15888224613
26 29 0.917069924337
26 31 0.807468636123
26 32 0.783962865188
26 33 0.942450648748
26 34 1.02089134997
26 35 0.820229497833
26 36 0.993271084177
27 29 0.901070263141
27 30 0.717480965183
27 33 0.828478020581
27 34 0.904637990478
27 35 0.837051840191
27 36 0.867043781733
27 77 0.721793441428
28 31 1.10391086733
28 32 1.02986490228
28 33 0.876270024882
28 34 0.975947179384
28 36 1.04858511499
28 43 1.14415393656
28 44 0.87589690345
28 45 1.21730846548
28 46 0.954490500994
28 47 1.26586509281
28 48 1.41148397281
28 207 0.815076613007
28 208 0.889639253592
29 35 1.54037945943
30 77 0.795346186362
30 110 0.730696847833
30 111 0.729597357274
30 113 0.703744610669
30 127 0.8013946758
30 129 0.787680530232
30 130 0.717599230177
30 131 0.771247113635
30 193 0.966254564646
30 194 0.840702373445
30 195 0.879841315104
30 197 0.841979498065
30 198 0.844444077318
30 202 0.827123637909
31 32 1.41985659671
31 33 1.94185138566
31 34 1.61648997339
31 36 1.60539683582
31 45 0.925969018347
31 46 0.801835112059
31 47 1.02261588655
31 48 1.09613403124
32 33 1.90990070719
32 34 1.58777562809
32 36 2.6699263245
32 45 1.092896757
32 47 0.883788744999
32 48 0.90240093745
33 34 2.36791290132
33 36 2.18833348963
33 45 0.842178544125
34 36 1.80951362013
34 45 0.842183814783
34 196 0.919578476592
34 209 0.82236722648
34 210 0.91493549432
36 45 0.918005811333
36 48 0.864110840128
37 38 2.65287805633
37 39 1.46030303982
37 40 0.787119633016
37 41 1.43077003485
37 42 2.58591907581
38 39 1.49423219144
38 40 0.716759529951
38 41 1.28499204322
38 42 1.93426582262
39 41 1.66529815134
39 42 1.41606218586
40 42 0.792058778779
41 42 1.33222362803
43 44 1.43213275191
43 45 1.18628464313
43 46 1.35683925469
43 47 1.69881236123
43 48 1.77226017551
43 69 0.969237597179
43 164 1.15406588056
43 165 0.972861344126
43 168 1.05710144128
43 205 0.947122004253
43 211 1.41161599408
43 212 1.30739513127
43 213 1.1834369163
43 214 1.41161599408
43 215 1.30739513127
43 216 1.1834369163
43 235 1.04075664582
43 238 1.04075664582
44 46 0.890222954111
44 47 0.94568622523
44 48 1.00220936891
44 69 0.843080449932
44 116 0.839421204323
44 119 0.839421204323
44 205 0.991587163771
44 211 1.08814213064
44 212 1.06332042634
44 213 1.03103780753
44 214 1.08814213064
44 215 1.06332042634
44 216 1.03103780753
44 236 0.846454303664
44 239 0.846454303664
45 46 1.13953996154
45 47 1.65904889177
45 48 1.31669752585
45 208 0.882042549031
45 212 0.988622412417
45 215 0.988622412417
46 47 2.65282843947
46 48 2.12913476339
46 167 0.85121460756
46 191 0.792224582195
46 211 1.03984582012
46 213 0.93167639311
46 214 1.03984582012
46 216 0.93167639311
47 48 3.60792562044
47 211 1.0828229788
47 212 1.01142395854
47 213 0.971034733582
47 214 1.0828229788
47 215 1.01142395854
47 216 0.971034733582
49 50 0.996110206277
49 51 0.947269329403
49 53 0.65229601296
49 54 0.760563662524
49 149 1.09445463985
49 150 1.06498970737
49 170 0.916269320513
49 194 0.840274404233
49 197 0.820642091122
49 198 0.815473073754
50 51 1.84046502879
50 53 0.724029457223
50 54 0.750966824327
50 55 0.903812443867
50 56 1.06179743251
50 57 1.06570635358
50 59 0.716819232747
50 60 0.914339019624
50 149 0.855871292978
50 150 0.715369345399
50 193 0.916988355083
50 194 0.931716818571
50 195 0.925034629986
50 197 0.918931281373
50 198 0.977075525397
50 200 0.888170460967
50 201 0.852004275742
50 202 0.907408107879
50 203 0.874805219279
51 53 0.70416666914
51 54 0.82139339115
51 55 0.733011050986
51 56 0.964040184163
51 57 0.876725552651
51 60 0.737594748054
51 149 0.908662849297
51 150 0.776975251917
51 170 0.957348632913
51 193 0.946347244725
51 194 0.988125610852
51 195 0.910627355501
51 197 0.988040819627
51 198 0.995010410752
51 200 0.88950956275
51 202 0.898928301562
51 203 0.863436152992
51 341 0.672212996165
52 55 0.813672913944
52 59 0.728611290012
52 60 0.695815707677
52 62 0.902860528949
52 63 0.6926362543
52 64 1.02755112113
52 65 1.42934168052
52 72 0.923044471034
52 207 0.781193850587
53 56 0.869378932306
53 60 0.723198653381
54 132 0.58113908566
54 149 0.809857732991
54 150 0.684069111406
55 56 1.42000518796
55 57 1.78245931708
55 59 1.30204286311
55 60 2.51924474776
55 64 0.884875649228
55 66 0.690040849061
56 57 1.6659929638
56 59 1.49857526628
56 60 1.60027257447
57 59 1.46778692076
57 60 1.78572885119
57 63 0.7540599781
57 64 0.890569059649
57 66 0.785225840945
57 71 0.790583536176
58 173 0.99592005436
58 187 1.48746126388
58 188 0.78874124781
58 199 0.879758357682
58 355 1.26740274976
58 356 1.30655841717
58 357 1.03151907671
58 358 1.26740274976
58 359 1.30655841717
58 360 1.03151907671
59 60 1.41577057339
59 64 0.778027283132
60 64 0.77609593809
61 62 1.6375777483
61 63 0.809467445591
61 64 0.820052773259
61 65 0.720357303238
61 66 0.806288670593
61 67 1.10248405655
61 68 1.50979243335
61 69 1.07431590909
61 70 1.17409688968
61 71 1.27203685653
61 72 1.3767903002
62 63 0.90682203084
62 64 1.10204413885
62 65 0.93327366359
62 66 0.80869169072
62 67 0.943944438395
62 68 1.06988380539
62 69 0.864401402306
62 70 0.939537798945
62 71 1.21361720061
62 72 1.64755709047
63 64 1.55396286249
63 65 0.798508137676
63 66 1.94127309502
63 67 1.04346574234
63 68 0.913395851311
63 70 0.849153980662
63 71 1.15479187941
63 72 0.841012089174
63 125 0.695574924127
64 65 1.11857231593
64 66 1.14093845708
64 67 0.85745241302
64 68 0.806470546931
64 71 1.08392522122
64 72 0.942683551018
64 207 0.78743583865
65 66 0.711005558351
65 72 0.850847750339
65 283 0.722616286599
65 286 0.722616286599
66 67 1.02497498173
66 68 0.946156455523
66 69 0.84236815067
66 70 0.916900993434
66 71 1.28009119717
66 72 0.759926493063
66 125 0.756956981913
67 68 1.8283012815
67 69 1.15458911405
67 70 1.50832142024
67 71 1.25953470182
67 72 1.0469657012
67 205 0.890476169128
67 206 0.955690838335
67 207 0.858789184059
67 285 0.770992327018
67 288 0.770992327018
68 69 1.90849502866
68 70 2.57220387146
68 71 1.76006571015
68 72 1.30724784272
69 70 3.03183918801
69 71 1.60589488114
69 72 1.00159903807
69 139 0.792488073922
69 205 0.857332907292
69 208 0.869296806829
69 212 0.957360642509
69 215 0.957360642509
69 235 1.12765432295
69 238 1.12765432295
70 71 1.68173307721
70 72 1.04532293922
71 72 1.34853924969
71 206 0.807094852791
71 207 0.835054987112
71 208 0.939439742052
71 209 0.851516265062
71 285 0.804756114245
71 288 0.804756114245
72 205 0.874271301623
72 206 0.811212374548
72 284 0.865213792531
72 285 0.798479019664
72 287 0.865213792531
72 288 0.798479019664
73 74 0.785287872812
73 75 1.36719590694
73 78 0.64976498119
73 80 0.652386974444
73 82 0.648197000817
73 83 0.699996499545
73 86 0.789618518851
73 87 0.751317894522
73 88 1.58651766151
73 89 1.12650947807
73 90 1.63396155885
73 92 0.70988137331
73 93 0.957150944383
73 95 0.70988137331
73 96 0.957150944383
73 124 1.4089141304
73 128 0.655380792791
73 136 1.32722559937
74 75 1.14640977465
74 76 0.910851810836
74 78 1.14843369321
74 79 1.41435801248
74 80 1.47132551098
74 81 0.813464896132
74 83 0.793620874143
74 84 1.15005138293
74 85 0.666415038845
74 87 1.09707033334
74 88 0.736249702005
74 89 0.747138314394
74 90 0.671055150585
74 122 0.62698196594
74 123 0.649198649408
74 136 0.664147086404
75 78 1.11461077815
75 79 0.838017629397
75 80 0.998390929958
75 81 0.73426239022
75 82 0.848119364261
75 83 1.26989490284
75 84 0.918061972508
75 86 0.69368225441
75 87 0.783840643243
75 88 1.35480957765
75 89 1.5605900658
75 90 1.15992028367
75 93 0.939192262483
75 96 0.939192262483
75 121 0.783400136077
75 122 0.793386229636
75 123 0.852888088707
75 124 1.03521671549
75 128 0.778549240846
75 131 0.838992186236
75 136 1.16123179047
76 79 0.887583602271
76 80 0.852086332831
76 84 0.674692421196
76 85 0.819103479744
76 87 1.30129048592
76 91 0.891440000471
76 94 0.891440000471
76 338 0.632675149906
77 110 0.688395974219
77 111 0.72459052602
77 113 0.679198348035
77 145 0.812833193344
77 146 0.790524405148
77 193 1.20182452973
77 194 0.886686955779
77 197 0.910879251677
77 337 0.676297631508
77 339 0.784087497883
77 341 0.809021387606
78 79 1.20551583944
78 80 1.43035390167
78 81 1.58964814296
78 82 0.749332158346
78 83 1.50173676345
78 84 1.58962454556
78 87 0.706841118613
78 88 0.740665360469
78 89 0.877774747315
78 90 0.660785877634
78 108 0.63811537305
78 121 0.713164110596
78 122 0.80346486651
78 123 0.893332269479
78 128 0.645209327294
78 130 0.643057787074
78 131 0.911411297409
78 136 0.652899778334
79 80 2.75567960068
79 81 1.2396542327
79 83 0.814951996537
79 84 1.3778740614
79 85 0.646892408499
79 87 0.913768412754
79 122 0.714968292168
79 123 0.747105129422
79 131 0.658106578512
79 338 0.693635865125
80 81 1.40689581786
80 83 0.970790590501
80 84 2.00186360594
80 85 0.640067930043
80 87 1.0300170807
80 88 0.665184566849
80 89 0.739780643917
80 121 0.623587741532
80 122 0.750561087708
80 123 0.814056727415
80 131 0.779925070996
80 338 0.633394279511
81 83 1.05535300834
81 84 1.48503874836
81 87 0.645868670155
81 121 0.672196176395
81 122 0.782836964224
81 123 0.878702890272
81 130 0.679531237362
81 131 0.898162103298
81 132 0.715670351312
81 317 0.682916445513
81 338 0.679578306959
82 83 1.23272308859
82 84 0.653874370163
82 86 0.79420537417
82 88 0.835327957221
82 89 1.16938345789
82 90 0.77781777899
82 121 1.17908428849
82 122 0.682688768896
82 123 0.771918860399
82 124 0.750152619328
82 128 1.46268719451
82 129 0.838952840645
82 130 0.872463625383
82 131 1.07896363068
82 135 0.613947064518
82 136 0.744015031663
83 84 1.01011423922
83 88 0.857499733625
83 89 1.2107380596
83 90 0.767769395298
83 121 1.14855561373
83 122 1.06392351043
83 123 1.3087592572
83 124 0.747488056892
83 128 0.94043336584
83 130 0.891990547584
83 131 1.35556750592
83 132 0.71389174508
83 136 0.780811192988
84 85 0.618254195658
84 87 0.815520783191
84 89 0.7274619601
84 108 0.648001109354
84 121 0.626258154626
84 122 0.661120246561
84 123 0.722216683886
84 128 0.631532720489
84 130 0.620397682762
84 131 0.866213931314
85 87 0.856914395676
85 99 0.476382567546
86 88 0.995761914803
86 89 0.920311757777
86 90 1.0341114616
86 121 0.642895957987
86 124 0.973949714533
86 128 0.731563426677
86 135 0.796240390425
86 136 0.788425565244
86 319 1.00364716437
86 332 0.708588157384
86 333 0.769421810494
86 335 0.708588157384
86 336 0.769421810494
87 91 0.809973187942
87 92 0.701557393732
87 93 0.779534988453
87 94 0.809973187942
87 95 0.701557393732
87 96 0.779534988453
87 124 0.667582130858
87 206 0.902122699257
88 89 2.22280052965
88 90 3.53781928819
88 93 0.96634545447
88 96 0.96634545447
88 121 0.694839773851
88 123 0.65301858023
88 124 1.33127148902
88 128 0.738595000597
88 131 0.674794558219
88 136 2.0943976357
88 319 0.73029493967
88 333 0.804150000807
88 336 0.804150000807
89 90 1.70053500953
89 93 0.875324937995
89 96 0.875324937995
89 121 0.848770474611
89 122 0.711231617329
89 123 0.778669438343
89 124 1.11359278269
89 128 0.885617311544
89 131 0.813756613864
89 136 1.62448461658
90 93 0.983302114291
90 96 0.983302114291
90 121 0.685324722492
90 124 1.46083796493
90 128 0.697911071815
90 136 2.21078761751
90 319 0.75802044854
90 333 0.850971066777
90 336 0.850971066777
91 92 0.704371360451
91 95 0.704371360451
91 283 0.699644964821
91 286 0.699644964821
92 93 1.2696682018
92 94 0.704371360451
92 96 1.2696682018
92 124 0.669058134026
92 139 0.896888108376
92 140 0.964790118222
92 141 1.07265588697
92 142 0.896888108376
92 143 0.964790118222
92 144 1.07265588697
92 316 0.739037757554
92 331 0.709597753486
92 334 0.709597753486
93 95 1.2696682018
93 122 0.727659969144
93 123 0.751341747521
93 124 1.10394153748
93 136 0.943367521688
93 139 1.21574056648
93 140 0.831483499405
93 142 1.21574056648
93 143 0.831483499405
93 316 0.785253368837
93 333 1.02548443716
93 336 1.02548443716
94 95 0.704371360451
94 283 0.699644964821
94 286 0.699644964821
95 96 1.2696682018
95 124 0.669058134026
95 139 0.896888108376
95 140 0.964790118222
95 141 1.07265588697
95 142 0.896888108376
95 143 0.964790118222
95 144 1.07265588697
95 316 0.739037757554
96 122 0.727659969144
96 123 0.751341747521
96 124 1.10394153748
96 136 0.943367521688
96 139 1.21574056648
96 140 0.831483499405
96 142 1.21574056648
96 143 0.831483499405
96 316 0.785253368837
96 333 1.02548443716
96 336 1.02548443716
97 98 0.822563569407
97 101 0.928498956637
97 102 1.7505987415
97 103 0.935077912534
97 104 0.669435427292
97 105 0.980920885275
97 106 0.986650050321
97 107 0.900001779653
97 108 0.699256385566
97 109 0.70984171302
97 110 0.668256381896
97 111 0.759018566783
97 112 0.817986316279
97 113 0.755398203884
97 114 1.3669500342
97 317 0.645130913333
98 102 0.958041470648
98 103 0.885752119113
98 104 0.81964567512
98 105 0.827010381401
98 106 0.642928160023
98 107 0.847813903341
98 114 0.932101796677
98 317 0.808251677626
99 349 0.495337637937
99 354 0.536273902551
100 109 0.864449003832
100 110 1.04606645346
100 111 1.09428749157
100 112 0.822028392402
100 113 1.10753611224
100 193 0.841209335632
100 194 0.853748682036
100 197 0.913816128086
100 198 0.793912655388
100 220 0.749081765648
100 318 0.705331689976
100 321 0.697764284214
100 324 0.7298995778
101 102 0.976260708993
101 103 0.618650648942
101 105 0.771057336984
101 106 0.801601377149
101 107 0.700910145503
101 108 0.740170360985
101 109 0.610095099868
101 110 0.664946012919
101 111 0.710482394156
101 112 0.695051272137
101 113 0.702978403465
101 114 0.942225715582
101 317 0.821507902787
102 103 1.15389638173
102 104 0.81976857978
102 105 1.26636201078
102 106 1.10775249618
102 107 1.17698836229
102 108 0.800382156717
102 109 0.56949552201
102 111 0.659128903559
102 112 0.691959067252
102 113 0.645336596565
102 114 1.67018782038
102 317 0.793394265879
103 104 1.53726267998
103 105 2.1659058304
103 106 1.20355475221
103 107 2.91110435814
103 108 0.750825849089
103 112 0.618834025789
103 114 1.56664401843
103 115 0.766883070262
103 118 0.766883070262
104 105 1.71558785035
104 106 0.835002320572
104 107 1.93091997318
104 108 0.63012089594
104 114 1.11146768138
104 115 1.41020468629
104 116 0.778403309202
104 117 0.939273401591
104 118 1.41020468629
104 119 0.778403309202
104 120 0.939273401591
104 125 0.745108284901
105 106 1.41212956397
105 107 4.53332112178
105 108 0.863294556556
105 112 0.663616129046
105 114 2.28470120382
105 115 0.931558942858
105 116 0.766001162244
105 118 0.931558942858
105 119 0.766001162244
105 317 0.664311112704
106 107 1.31957464407
106 108 1.64758012659
106 109 0.653812769138
106 110 0.827638909304
106 111 0.80481788856
106 112 0.98631264425
106 113 0.802338090421
106 114 1.6002271351
107 108 0.820110376809
107 112 0.628943388244
107 114 1.91798908022
107 115 0.93064318589
107 116 0.754136102627
107 118 0.93064318589
107 119 0.754136102627
107 317 0.653613383503
108 109 0.602092164205
108 110 0.759624424187
108 111 0.71322956778
108 112 0.852210848632
108 113 0.712188766153
108 114 0.900115456861
109 110 1.26109467296
109 111 1.5449017261
109 112 1.63367551505
109 113 1.75234053792
109 350 0.563645145059
110 111 2.83544835002
110 112 2.40861014934
110 113 3.11503931214
110 114 0.724292494677
110 131 0.668935967646
110 193 0.802834004618
110 194 0.723223981407
110 197 0.7440950301
110 220 0.734257540055
110 318 0.690895191201
110 324 0.72612884608
110 350 0.691021400839
111 112 2.36345959638
111 113 8.10772030007
111 114 0.762828344742
111 131 0.654726163771
111 193 0.926823949216
111 194 0.867477390583
111 197 0.890746237649
111 324 0.671185785064
112 113 2.73857344512
112 114 0.818956667896
112 318 0.647568047234
112 324 0.681558485728
113 114 0.74847044046
113 193 0.848505470063
113 194 0.803657502823
113 197 0.82507204801
113 318 0.668233348225
113 324 0.690305324396
114 115 0.744731044026
114 118 0.744731044026
114 317 0.755134339584
115 116 0.954354013987
115 117 1.73100292069
115 119 0.954354013987
115 120 1.73100292069
115 125 0.798516437516
116 117 0.952250719516
116 118 0.954354013987
116 120 0.952250719516
116 205 0.850291224301
116 207 0.778805976392
116 333 0.826269052843
116 336 0.826269052843
117 118 1.73100292069
117 119 0.952250719516
117 125 0.928630407591
117 207 0.784040721269
117 208 0.871538431236
117 209 0.838376332007
118 119 0.954354013987
118 120 1.73100292069
118 125 0.798516437516
119 120 0.952250719516
119 333 0.826269052843
119 336 0.826269052843
120 125 0.928630407591
120 207 0.784040721269
120 208 0.871538431236
120 209 0.838376332007
121 122 1.1267700473
121 123 1.32968789901
121 124 0.801634357516
121 128 1.29676384024
121 129 0.878571584132
121 130 1.43240217237
121 131 1.4864868934
121 132 0.726343812464
121 136 0.665079185282
122 123 3.27615987008
122 128 0.686542570697
122 130 0.834122249559
122 131 0.934908134881
122 132 0.939326643715
123 124 0.703416275913
123 128 0.774474039801
123 130 0.967196844871
123 131 1.14481542074
123 132 0.978228406545
123 136 0.648823088859
124 128 0.830039633679
124 131 0.737894876727
124 136 1.15848116567
124 139 0.902858037764
124 142 0.902858037764
124 319 0.877147185007
124 333 0.998356491129
124 336 0.998356491129
125 196 0.940428275632
125 207 0.875639840364
125 208 0.918763316559
125 209 0.927302882039
125 313 0.68155004615
126 127 0.887568125713
126 128 0.637914410611
126 129 0.7388713534
126 133 0.636527112099
126 134 0.610023041037
126 135 0.584276795245
126 137 0.74712567752
126 138 0.598735004303
126 318 0.600905894878
127 128 0.766184720901
127 129 1.14141299502
127 133 1.01947389514
127 134 0.799284430711
127 135 0.680923967618
127 137 0.928833805052
127 138 0.840958401403
127 318 0.844092213087
127 323 0.824425790303
127 324 0.913732192674
128 129 1.36347723017
128 130 1.13443378991
128 131 1.36254688701
128 135 0.70725554015
128 136 0.657195699468
128 324 0.664782141354
129 130 1.03836786048
129 131 0.931178977414
129 133 0.711266560906
129 135 0.72443286795
129 137 0.68642396007
129 318 0.676742891955
129 323 0.70243585633
129 324 0.822418347828
130 131 1.83358614269
130 132 0.789061693764
131 132 0.728895691634
133 134 0.934992818244
133 135 0.874294139278
133 137 1.18952043645
133 138 1.05118399481
133 318 1.0163311415
133 320 1.02889551272
133 321 0.782526426901
133 322 1.03739275967
133 323 1.33880826913
133 324 1.09351525009
133 325 0.729476065851
133 326 0.82036485739
133 327 0.706705437663
133 328 0.611424734808
133 329 0.639464907053
133 330 0.868532903744
134 137 0.877783816675
134 138 1.83304040287
134 318 0.738585526613
134 321 0.563774597105
134 323 0.716789591649
135 137 0.982903367539
135 319 0.772311880344
135 320 0.841255945566
135 322 0.749693630624
135 323 0.826617901319
135 324 0.71972635167
135 325 0.606230764502
135 329 0.595318428243
135 330 0.748179765573
137 138 0.884086827062
137 318 0.676130360868
137 320 0.730340865032
137 323 0.850873720122
137 324 0.73015309469
137 330 0.695241519793
138 318 0.871050754239
138 321 0.667719272947
138 323 0.819226046634
138 324 0.747840639671
138 326 0.664098434956
138 327 0.632881083149
138 328 0.561922160387
139 140 0.926856283599
139 143 0.926856283599
139 235 1.00369483787
139 238 1.00369483787
139 316 1.09366517267
139 331 0.976459630816
139 333 1.1311779862
139 334 0.976459630816
139 336 1.1311779862
140 141 1.49843039257
140 142 0.926856283599
140 144 1.49843039257
140 166 0.848959150288
140 235 1.08142948541
140 238 1.08142948541
140 316 0.801173356582
141 143 1.49843039257
141 166 0.884243590034
141 167 0.84830622903
141 316 0.755326564837
141 331 0.745337653814
141 334 0.745337653814
142 143 0.926856283599
142 235 1.00369483787
142 238 1.00369483787
142 316 1.09366517267
142 331 0.976459630816
142 333 1.1311779862
142 334 0.976459630816
142 336 1.1311779862
143 144 1.49843039257
143 166 0.848959150288
143 235 1.08142948541
143 238 1.08142948541
143 316 0.801173356582
144 166 0.884243590034
144 167 0.84830622903
144 316 0.755326564837
144 331 0.745337653814
144 334 0.745337653814
145 146 2.44345576579
145 147 2.55561042171
145 148 1.23272513175
145 157 1.26928843347
145 158 1.35585053904
145 159 1.16834608121
145 160 1.2516217226
145 162 1.62773853672
145 217 1.0268429793
145 265 0.820053215238
145 266 1.09935178426
145 269 0.89510974072
145 337 0.888017761074
145 338 0.84814178953
145 339 1.25302988514
145 342 0.795153323562
146 147 1.52902964481
146 148 1.24925928216
146 155 0.987064595747
146 156 1.11541548892
146 157 0.96236812406
146 158 1.07974455329
146 160 1.30793004017
146 161 0.918447366231
146 162 1.36391565508
146 222 0.885490489254
146 265 1.05637097041
146 266 1.25951820034
146 269 0.954052068112
146 337 0.843492173473
146 339 1.14938384339
146 341 0.826836452939
147 148 1.31187730396
147 157 1.57596344851
147 158 1.51393396251
147 159 1.33070099884
147 160 1.23271804029
147 162 1.83674391074
147 217 1.02679779079
147 221 0.918939183332
147 226 0.835775849603
147 266 1.0055510478
147 267 0.853603585194
147 269 0.902315499921
147 338 0.884122533885
147 339 1.01389052251
147 342 0.835944243756
148 151 1.36113450624
148 152 1.64046240003
148 153 1.55477232845
148 154 1.74135953239
148 155 1.65138320241
148 156 1.9974067345
148 157 1.42229696069
148 158 2.02609736767
148 159 2.28569073587
148 160 3.57511195411
148 162 2.76762724201
148 217 1.41040666997
148 218 1.21111535342
148 219 1.31008260673
148 222 1.08874283452
148 223 1.07311307667
148 225 1.05389064523
148 266 1.05138652726
148 268 1.65349602321
148 277 1.17020185132
149 150 1.64250074686
149 161 1.1866821609
149 169 0.87364178456
149 170 1.3872806275
149 193 1.01420634601
149 194 1.39127506479
149 195 1.25156317558
149 197 1.25538061012
149 198 1.53932718103
149 200 1.36545533487
149 201 1.20003317755
149 202 1.26827937324
149 203 1.10443366474
149 204 1.06993689803
150 170 0.919410568772
150 193 0.797986139537
150 194 1.06427363522
150 197 1.00652192706
150 198 0.875050450981
150 341 0.633232749367
151 153 1.50304416893
151 154 1.33452773111
151 155 2.76228409587
151 156 2.19175339201
151 158 0.978861392097
151 159 1.11036331732
151 160 1.50893615754
151 161 1.3178709106
151 162 1.03379645186
151 217 1.1335783443
151 219 1.20284399242
151 222 0.955223876424
151 225 1.07471327755
151 227 1.02071277043
151 268 1.02720592976
151 271 1.01797570688
151 272 1.23169051428
151 273 1.21659306194
151 277 1.57505959319
151 280 0.991838658165
151 281 0.963101519639
152 153 3.34443699121
152 154 3.61993760983
152 157 1.3823211041
152 158 1.59509828079
152 159 2.05987895611
152 160 1.44696658735
152 162 1.49911622984
152 217 1.21809986379
152 218 1.51152246766
152 219 1.29268583971
152 221 1.12475436895
152 223 1.41016461098
152 224 1.23874369684
152 227 1.16264139682
152 268 1.44784834599
152 274 1.22870173786
152 275 1.18102858254
152 276 1.36624130764
152 277 1.13203898804
152 278 1.17385723304
152 281 1.1809332146
152 282 1.4031628095
153 154 3.92948644169
153 155 1.29529151714
153 156 1.31696035915
153 158 1.31814399564
153 159 1.6674864461
153 160 1.51675679806
153 162 1.31035794586
153 217 1.26523583257
153 218 1.26169334058
153 219 1.40392885987
153 223 1.26433392116
153 227 1.33379283523
153 268 1.34179060675
153 271 1.22697822987
153 273 1.31624753677
153 274 1.19382742566
153 276 1.19282907681
153 277 1.41146802281
153 281 1.35358487551
153 282 1.26655157183
154 155 1.22959385264
154 156 1.29230180582
154 157 1.18402955249
154 158 1.41116384082
154 159 1.74243221693
154 160 1.53701267869
154 162 1.40012396093
154 217 1.1964672424
154 218 1.4905459779
154 219 1.24415360677
154 223 1.2312535201
154 227 1.17947774556
154 268 1.71660633636
154 274 1.17224180114
154 275 1.1490190648
154 276 1.27128492778
154 277 1.39905901425
154 281 1.3246234384
154 282 1.19017399878
155 156 6.38181662644
155 158 1.08750580135
155 159 1.18925606491
155 160 2.13045533565
155 161 1.7512654553
155 162 1.27651703845
155 217 1.30349942177
155 219 1.26829285688
155 222 1.02157200797
155 225 1.07464495505
155 265 1.05818042174
155 266 1.06390184952
155 268 1.09484739725
155 271 0.965324811742
155 272 1.09298783949
155 273 1.09550976074
155 277 1.49450763421
156 158 1.19073061837
156 159 1.30479831102
156 160 2.64742627755
156 161 1.58110415843
156 162 1.47847998202
156 217 1.37283526067
156 219 1.29597437629
156 222 1.07027636058
156 225 1.07032820096
156 265 1.11351690115
156 266 1.18523145315
156 268 1.19543337635
156 271 0.973545007795
156 272 1.04922899412
156 273 1.08068629918
156 277 1.4810146708
157 158 3.50260307181
157 159 2.68783184358
157 160 1.36205780575
157 162 1.94800865729
157 217 1.28365188522
157 218 1.0590737986
157 219 1.1616332509
157 221 1.01603240615
157 223 1.01053002626
157 226 0.931108762239
157 268 1.09466544796
157 276 0.951913641287
157 282 1.03779424545
157 285 1.07625451432
157 288 1.07625451432
158 159 5.21570339409
158 160 2.05935537079
158 162 3.20971334062
158 209 0.975991529685
158 217 1.66491513347
158 218 1.16551367487
158 219 1.46785470416
158 221 0.996960593638
158 223 1.09689899393
158 268 1.28033415679
158 276 1.00965357003
158 282 1.05838076335
159 160 2.27899604817
159 162 2.88009525648
159 217 1.75042861357
159 218 1.20629793932
159 219 1.6228198332
159 221 1.05165187014
159 223 1.171590877
159 268 1.34032198536
159 273 1.01577934219
159 276 1.06244595428
159 277 1.03659366506
159 282 1.13795490935
160 161 1.11493439138
160 162 2.99134722489
160 217 1.90966750615
160 219 1.65469552723
160 222 1.06950153055
160 225 1.09213513206
160 266 1.23379125435
160 268 1.36926284565
160 273 1.08926194607
160 277 1.28409629348
161 170 0.917884114385
161 195 1.1207890506
161 198 1.10586211356
161 199 0.972851870932
161 200 1.29042461228
161 201 1.20776823295
161 202 1.16845355436
161 203 1.14426662434
161 204 1.09164151901
161 265 1.01710807989
161 266 0.919506546682
161 272 0.854003197149
162 217 1.72704689558
162 218 1.1408378079
162 219 1.45773137891
162 221 0.995006180056
162 223 1.07780294188
162 225 0.964757037886
162 266 1.15908027779
162 268 1.38668350057
162 277 1.02482317332
163 164 1.53340350823
163 165 1.94846087797
163 166 1.16352611408
163 167 1.51514394435
163 168 1.18888179577
163 191 0.980973668781
163 205 0.927991757983
163 211 1.14493085299
163 212 1.21929168628
163 213 1.15011173539
163 214 1.14493085299
163 215 1.21929168628
163 216 1.15011173539
163 235 1.10407184386
163 236 1.3519552764
163 237 1.51348615602
163 238 1.10407184386
163 239 1.3519552764
163 240 1.51348615602
163 283 0.939181893861
163 284 1.21568483678
163 286 0.939181893861
163 287 1.21568483678
164 165 4.09916980111
164 166 1.02794648521
164 167 1.40015891362
164 168 2.56565057553
164 188 1.00232772782
164 190 1.12919231951
164 191 1.24528397987
164 211 1.55171275383
164 212 1.40984536628
164 213 1.19500453771
164 214 1.55171275383
164 215 1.40984536628
164 216 1.19500453771
164 235 1.16561131583
164 236 1.04067372538
164 237 1.13220205248
164 238 1.16561131583
164 239 1.04067372538
164 240 1.13220205248
165 166 1.24586767074
165 167 1.55806993295
165 168 2.11739960775
165 190 1.03630294127
165 191 1.19088878922
165 211 1.29708642218
165 212 1.23175224835
165 213 1.08428681267
165 214 1.29708642218
165 215 1.23175224835
165 216 1.08428681267
165 235 1.09711643409
165 236 1.07524748179
165 237 1.20838984964
165 238 1.09711643409
165 239 1.07524748179
165 240 1.20838984964
165 278 0.916319578666
165 284 0.916036534705
166 167 1.76452196821
166 190 0.911837266904
166 191 1.07993842173
166 236 0.82420944714
166 237 0.934202909209
166 239 0.82420944714
166 240 0.934202909209
167 168 1.03104809165
167 190 1.22845632374
167 191 1.72916779742
167 211 1.38805678686
167 212 1.30759558343
167 213 1.35529821371
167 214 1.38805678686
167 215 1.30759558343
167 216 1.35529821371
167 235 0.979880556367
167 236 0.942845061843
167 237 1.08569417646
167 238 0.979880556367
167 239 0.942845061843
167 240 1.08569417646
168 188 1.01724783293
168 190 1.04240004406
168 191 1.06232605373
168 211 1.13365286247
168 212 1.10147884701
168 213 0.946040689825
168 214 1.13365286247
168 215 1.10147884701
168 216 0.946040689825
168 235 1.06603514615
168 236 0.945239624608
168 237 1.0705747031
168 238 1.06603514615
168 240 1.0705747031
168 278 1.03255020619
168 282 1.09690311851
169 170 1.27700422223
169 171 1.22814660333
169 174 1.92722766999
169 176 1.56812049413
169 177 1.43128560475
169 178 1.23945565815
169 180 1.2642939349
169 199 1.07420535086
169 200 0.978256952665
169 201 0.968393917346
169 202 0.890130094434
169 203 0.895431828472
169 204 0.920167162798
169 245 0.956828412609
169 246 0.877695594837
169 294 1.41347505359
169 356 0.8904375956
169 357 1.08433774378
169 359 0.8904375956
169 360 1.08433774378
170 174 1.25040067499
170 180 1.0666118996
170 193 0.990416795883
170 194 1.12439754916
170 195 1.22462103969
170 197 1.1415307123
170 198 1.39548903232
170 200 1.32209848938
170 201 1.20101090139
170 202 1.26964937104
170 203 1.22003945237
170 204 1.21089365558
170 246 0.965923950594
170 294 0.984315252749
171 174 2.19783932172
171 175 1.55794468671
171 176 1.25459326858
171 177 2.33994373068
171 178 2.61220928295
171 179 2.50937964254
171 180 2.72319223546
171 184 1.14170210211
171 185 1.08331784858
171 186 1.12040485227
171 242 1.15722192566
171 245 1.44575572475
171 248 1.43986273561
171 249 1.2637020095
171 251 1.10103460831
171 260 1.17245014049
171 263 1.17245014049
171 289 1.30178679681
171 290 1.13114466776
171 293 1.07468908062
171 297 1.1423959748
171 299 1.1913793138
172 181 1.02151006881
172 189 1.15067755066
172 192 1.38310321563
172 244 1.20374505715
172 253 0.875257237705
172 254 1.01180384372
172 256 0.881806113461
172 257 0.92988121278
172 292 1.12483096306
172 295 0.961204936544
172 298 1.03837717
172 301 0.971561150682
172 304 0.962185474324
172 307 1.13401481593
172 308 1.07247631029
172 309 0.957465547526
172 310 1.13401481593
172 311 1.07247631029
172 312 0.957465547526
173 187 0.83128777727
173 199 0.997149598467
173 355 0.790256690752
173 356 1.03514526035
173 358 0.790256690752
173 359 1.03514526035
174 176 1.5409740944
174 177 3.38887573353
174 178 2.29803139192
174 179 1.54465877282
174 180 3.32222925311
174 245 1.35643559795
174 246 1.08081161094
174 248 1.27677451208
174 260 0.920161691997
174 263 0.920161691997
174 294 1.23333449744
174 357 0.994280494166
174 360 0.994280494166
175 177 1.18468290642
175 178 1.38345537925
175 179 2.99849879641
175 180 1.5010784338
175 181 1.28711006366
175 182 1.96987325363
175 183 1.7401024859
175 186 1.24676851834
175 243 1.26909355562
175 248 1.40589606202
175 249 1.38053972359
175 250 1.43557232107
175 251 1.5679564514
175 252 1.18486214848
175 289 1.22286701279
175 290 1.24498664841
175 291 1.37358059338
175 293 1.25503552302
175 296 1.4332955404
175 297 1.48771597191
175 299 1.75285645086
175 300 1.55688185033
176 177 1.76492734028
176 178 1.82228948315
176 180 1.32478842472
176 184 1.03188502775
176 187 1.20779216845
176 199 1.23453679077
176 242 1.01796924735
176 245 0.96588595591
176 248 1.0253016543
176 260 0.92716440278
176 263 0.92716440278
176 294 1.34526966762
176 355 1.1779261592
176 356 1.42445378525
176 357 1.95525262573
176 358 1.1779261592
176 359 1.42445378525
176 360 1.95525262573
177 178 4.08650337614
177 179 1.89864086101
177 180 3.59458115885
177 242 1.01622035398
177 245 1.33030313353
177 246 0.982739729962
177 248 1.43245502412
177 249 1.1100198507
177 251 0.982359151522
177 260 1.00537011484
177 263 1.00537011484
177 289 1.02846434487
177 294 1.09515504372
177 357 1.09118458045
177 360 1.09118458045
178 179 2.32353790355
178 180 3.10814921145
178 184 1.27160586291
178 185 1.1691360649
178 186 1.22595501869
178 242 1.27023661809
178 245 1.33288754254
178 248 1.62938992196
178 249 1.30385181776
178 251 1.07307461209
178 260 1.21062385465
178 263 1.21062385465
178 289 1.20802716979
178 294 1.07213311198
178 299 1.13129303815
178 357 1.21048493161
178 360 1.21048493161
179 180 2.61998411447
179 182 1.27095424777
179 183 1.18057099023
179 186 1.24736962522
179 245 1.37637311896
179 248 1.70873333156
179 249 1.44164872824
179 250 1.26081568928
179 251 1.44000131367
179 260 1.16912423946
179 263 1.16912423946
179 289 1.30337134185
179 290 1.18277012101
179 291 1.17383151466
179 293 1.1894628535
179 297 1.37699377031
179 299 1.5646169884
179 300 1.28510438817
180 245 1.51352010483
180 246 1.11172529639
180 248 1.60462721448
180 249 1.16852086967
180 250 1.03572383322
180 251 1.12657416924
180 260 1.03501439748
180 263 1.03501439748
180 289 1.11981909575
180 293 1.02564663496
180 294 1.03863203865
180 297 1.15584241142
180 299 1.11994404812
181 182 2.155113776
181 183 2.38478406121
181 244 1.14844051332
181 250 1.04354862897
181 251 0.983837677899
181 252 1.13343455956
181 291 1.0454812927
181 293 0.997770090096
181 295 0.957625342529
181 296 1.30781587637
181 297 0.991794412554
181 300 1.19824947774
181 301 1.04716435497
181 306 0.998917917844
181 309 0.966291584934
181 312 0.966291584934
182 183 3.51579842155
182 243 1.13074871622
182 244 0.919505936124
182 248 0.950034388176
182 250 1.3459493121
182 251 1.22669189834
182 252 1.30134808628
182 290 1.02507821269
182 291 1.27899293767
182 293 1.19350966117
182 295 0.941757991223
182 296 1.53589048672
182 297 1.26727057878
182 299 1.22780457437
182 300 1.29569690048
182 301 0.969597265479
183 243 0.997655593065
183 244 0.894676237825
183 250 1.34379390957
183 251 1.18343109779
183 252 1.3812988443
183 291 1.15881500323
183 293 1.29158468578
183 296 1.54569893856
183 297 1.30229876666
183 299 1.12719320184
183 300 1.26067777538
183 301 0.987385442034
184 185 3.5339464515
184 186 3.94973773867
184 241 1.27215795528
184 242 1.62743765881
184 249 1.24296104759
184 259 1.32110047632
184 260 1.28836584647
184 261 1.27642148681
184 262 1.32110047632
184 263 1.28836584647
184 264 1.27642148681
184 289 1.03027622922
184 298 1.1235215067
184 299 1.11634461849
184 308 1.1871476103
184 311 1.1871476103
184 357 1.15245355888
184 360 1.15245355888
185 186 3.07778279077
185 187 1.10749324669
185 241 1.21157155549
185 242 1.56218545039
185 249 1.14398607741
185 259 1.25808967801
185 260 1.24780767666
185 261 1.13080398978
185 262 1.25808967801
185 263 1.24780767666
185 264 1.13080398978
185 289 1.04478552644
185 298 1.02692709373
185 308 1.09363835973
185 311 1.09363835973
185 355 1.14401137085
185 357 1.20840585519
185 358 1.14401137085
185 360 1.20840585519
186 241 1.35534080422
186 242 1.62367945909
186 243 1.1162053911
186 249 1.32344602178
186 259 1.31812871092
186 260 1.34679816307
186 261 1.2750213676
186 262 1.31812871092
186 263 1.34679816307
186 264 1.2750213676
186 289 1.12483059524
186 295 1.1001369922
186 298 1.29702528238
186 299 1.25023047173
186 300 1.10127145437
186 308 1.34582341029
186 311 1.34582341029
187 188 0.887425409564
187 199 0.991030207446
187 355 5.91689653243
187 356 2.55105169885
187 357 2.19636861015
187 358 5.91689653243
187 359 2.55105169885
187 360 2.19636861015
188 190 1.80936801844
188 191 1.26032547899
188 355 0.879693680368
188 358 0.879693680368
189 192 1.45023015423
189 244 0.780063932982
189 253 1.08150889437
189 254 1.01608075952
189 255 0.924330298339
189 256 0.842005172443
189 257 0.884426092656
189 304 0.740221542025
189 307 0.821792994759
189 310 0.821792994759
190 191 3.35360178261
190 211 1.03946846387
190 213 0.9310915162
190 214 1.03946846387
190 216 0.9310915162
191 211 1.14732170545
191 212 1.05520543358
191 213 1.07105538566
191 214 1.14732170545
191 215 1.05520543358
191 216 1.07105538566
191 237 0.884684563409
191 240 0.884684563409
192 244 0.848002960755
192 247 0.756477309194
192 253 0.85386118209
192 254 0.975932237417
192 256 0.736613607968
192 303 0.790107331375
192 304 0.742513737821
192 307 0.804527507272
192 308 0.922835673547
192 310 0.804527507272
192 311 0.922835673547
193 194 2.80098317152
193 195 1.56744727831
193 197 2.85962860462
193 198 1.7141343995
193 200 1.12967484336
193 201 1.05627093585
193 202 1.31251200104
193 203 1.24711976992
193 204 1.14661800288
194 195 1.47781669518
194 197 6.34622639148
194 198 1.88498922764
194 200 1.17239292875
194 201 1.06527449491
194 202 1.29310177228
194 203 1.15676437405
194 204 1.08122829358
195 196 1.10981645915
195 197 1.3811717294
195 198 3.71198540467
195 199 1.13324765596
195 200 3.13745258473
195 201 3.0679819711
195 202 6.22444061817
195 203 4.45599706374
195 204 3.312064767
195 209 0.842630813505
195 210 1.086117556
196 198 0.900041469638
196 200 0.980492005889
196 201 1.06332944677
196 202 1.0852972752
196 203 1.25131078988
196 204 1.21448166762
196 206 1.04001325313
196 207 1.74376011825
196 208 2.79671212005
196 209 2.75503635888
196 210 5.24477147359
196 259 0.987786272296
196 262 0.987786272296
197 198 1.70087664673
197 200 1.10043023349
197 201 1.00864770525
197 202 1.21833293777
197 203 1.10970226761
197 204 1.04283565588
197 341 0.691542752996
198 199 1.00388615802
198 200 2.62606357147
198 201 2.17180385283
198 202 3.19402342796
198 203 2.43043453675
198 204 2.16323462278
198 210 0.88434118906
199 200 1.50842261024
199 201 1.74064655262
199 202 1.31523197481
199 203 1.35520670743
199 204 1.46981356162
199 210 0.888203107835
199 294 1.05965131194
199 355 0.939984168143
199 356 0.971914415748
199 357 1.39382205905
199 358 0.939984168143
199 359 0.971914415748
199 360 1.39382205905
200 201 6.00390627023
200 202 4.66463233825
200 203 3.43712860595
200 204 3.41012680217
200 210 0.983945836744
200 294 0.927989312605
201 202 4.52414818506
201 203 4.00733290232
201 204 4.29683910077
201 210 1.07158889482
201 294 0.933771990277
202 203 5.38057306557
202 204 4.45718094467
202 210 1.07493371029
202 294 0.862542465211
203 204 5.47074526975
203 208 0.889391679205
203 209 0.903358670166
203 210 1.23107733981
203 294 0.876563143094
204 208 0.88291663803
204 209 0.881494558321
204 210 1.21768552462
204 294 0.896211711523
205 206 1.5329289508
205 207 1.12942002121
205 208 1.12174755593
205 209 1.02476088636
205 211 1.21995374125
205 212 1.46505746328
205 213 1.54253322704
205 214 1.21995374125
205 215 1.46505746328
205 216 1.54253322704
205 235 1.07583002032
205 236 0.965453938076
205 238 1.07583002032
205 239 0.965453938076
205 284 0.933975601413
205 287 0.933975601413
206 207 1.90709456652
206 208 1.47399275264
206 209 1.51277589841
206 210 1.0191266433
206 285 0.862361130999
206 288 0.862361130999
206 292 0.927297946502
207 208 2.57267364989
207 209 3.05713700143
207 210 1.59440351825
207 292 0.996150730533
207 340 0.831462375916
208 209 3.94038913863
208 210 2.57119922345
208 259 0.95751886819
208 262 0.95751886819
208 292 0.936861201111
209 210 2.38021873357
209 292 0.890796951941
210 259 1.0078564226
210 262 1.0078564226
211 212 4.6613576064
211 213 3.2304566491
211 215 4.6613576064
211 216 3.2304566491
211 235 1.35171677564
211 236 1.01733042058
211 237 0.996660011912
211 238 1.35171677564
211 239 1.01733042058
211 240 0.996660011912
212 213 4.41439649075
212 214 4.6613576064
212 216 4.41439649075
212 235 1.54789623967
212 236 1.10692621222
212 237 1.0609855156
212 238 1.54789623967
212 239 1.10692621222
212 240 1.0609855156
213 214 3.2304566491
213 215 4.41439649075
213 235 1.37999261959
213 236 1.0233033901
213 237 1.00368424862
213 238 1.37999261959
213 239 1.0233033901
213 240 1.00368424862
214 215 4.6613576064
214 216 3.2304566491
214 235 1.35171677564
214 236 1.01733042058
214 237 0.996660011912
214 238 1.35171677564
214 239 1.01733042058
214 240 0.996660011912
215 216 4.41439649075
215 235 1.54789623967
215 236 1.10692621222
215 237 1.0609855156
215 238 1.54789623967
215 239 1.10692621222
215 240 1.0609855156
216 235 1.37999261959
216 236 1.0233033901
216 237 1.00368424862
216 238 1.37999261959
216 239 1.0233033901
216 240 1.00368424862
217 219 4.43249106765
217 223 1.03079839067
217 266 1.1943456055
217 268 1.10618252412
217 271 1.22936651038
217 272 1.10531322694
217 273 1.34677835749
217 277 1.18664054887
217 282 1.03071658828
218 221 0.932601427608
218 223 1.18570829512
218 225 1.09942046102
218 227 0.922474612218
218 228 1.13488850892
218 267 0.987626342967
218 268 1.43352885893
218 270 1.83351017967
218 274 1.02578253116
218 275 1.34115274056
218 276 1.84782504277
218 279 0.975719287739
218 281 0.931334472313
218 282 1.00702540609
219 223 1.08187335045
219 266 1.0455302539
219 268 1.06133276832
219 271 1.42195751535
219 272 1.26918431539
219 273 1.6274875164
219 277 1.24566932988
219 278 0.983134707774
219 281 1.05746762735
219 282 1.10319656615
220 229 0.689939523191
220 230 0.708715645187
220 231 0.790080699341
220 232 0.673379093843
220 234 0.785498453797
220 318 0.758551305289
220 320 0.797599465039
220 321 0.707559401118
220 322 0.79720848889
220 323 0.720826530194
220 324 0.825983220884
220 325 0.713543700978
220 326 0.826604353969
220 327 0.735014248228
220 330 0.716094803909
220 340 0.707197618086
220 344 0.753956728715
220 349 0.74561231446
220 350 0.784002044938
220 351 0.789077253615
220 354 0.901749841185
221 223 0.966965007468
221 224 0.903540684938
221 226 0.835835942561
221 228 0.941858250632
221 275 0.838313305319
221 276 0.896883986961
222 265 0.973362047041
222 266 0.830771839913
222 269 1.41273345217
222 272 0.840024350462
223 228 0.986078631446
223 267 1.45829492419
223 268 1.28070068091
223 270 1.06516236875
223 274 1.782662584
223 275 1.38389514377
223 276 1.68640886251
223 278 1.03942683909
223 279 1.13276134982
223 282 1.46146280459
224 226 2.13361833841
224 227 1.17205419907
224 274 0.837194595979
224 278 0.934127321629
224 279 0.839462458662
224 281 0.910214026673
224 282 1.00158038419
225 227 1.47177569681
225 228 1.92430476861
225 271 0.924988163124
225 273 0.927603659239
225 275 0.918438209954
225 276 0.98331283715
225 277 1.04387247479
225 281 0.92077154525
226 227 0.883165372018
226 267 0.869696928551
226 279 0.806941365495
227 228 1.45534357123
227 271 1.10429808225
227 272 0.979684370189
227 273 1.08431189863
227 277 1.0361835839
227 280 0.99586424255
227 281 1.03438238023
228 270 0.889289082082
228 271 0.922129855753
228 275 1.06133353512
228 276 1.08603951156
229 230 2.32707049274
229 231 1.64698399116
229 232 1.54471331334
229 233 3.68557922108
229 234 1.99141742801
229 319 0.842001399003
229 320 0.727501844365
229 322 0.698421912968
229 325 0.711865814162
229 326 0.825811819351
229 327 0.733553874427
229 329 0.815459756877
229 330 0.702226781142
229 332 1.0124155352
229 333 0.797900812774
229 335 1.0124155352
229 336 0.797900812774
229 340 0.716180152502
229 344 0.717788982704
229 345 0.693883674372
229 347 0.749462631238
229 348 0.686471145348
230 231 1.50058556491
230 232 1.53054332529
230 233 1.88729024944
230 234 2.03561021386
230 319 0.832215880074
230 320 0.719654714907
230 322 0.683604756762
230 326 0.745150910275
230 327 0.679718251933
230 329 0.708036289843
230 330 0.660843615071
230 332 0.897163026661
230 333 0.799226848128
230 335 0.897163026661
230 336 0.799226848128
230 340 0.730907520579
230 344 0.754623662978
230 345 0.689553117381
230 347 0.798225192167
230 348 0.683026976674
230 351 0.682542563922
231 232 2.04834076915
231 233 1.80567324314
231 234 1.93636322411
231 319 0.770214790519
231 320 0.721113593816
231 322 0.748889172031
231 325 0.701186021382
231 326 0.820896481335
231 327 0.765798292897
231 328 0.692343765759
231 329 0.745881718493
231 330 0.670699482684
231 332 0.785423302768
231 335 0.785423302768
231 344 0.726204105614
231 347 0.730865393638
231 348 0.685117928659
231 351 0.7165083742
232 233 1.72406687786
232 234 1.42312079544
232 319 0.769260309075
232 320 0.697966840044
232 322 0.71901035356
232 325 0.678880550363
232 326 0.7582072177
232 327 0.748213290741
232 328 0.700559630613
232 329 0.761186682532
232 332 0.793707710274
232 335 0.793707710274
232 344 0.643780876052
232 345 0.619947752585
232 347 0.700207899481
232 348 0.638348276422
233 234 1.97264038684
233 319 0.784460742414
233 322 0.679496917819
233 325 0.699637848035
233 326 0.798613795641
233 327 0.724730932651
233 328 0.64667997231
233 329 0.816319186629
233 330 0.679465780764
233 332 0.889663387993
233 335 0.889663387993
233 344 0.659683368199
233 345 0.629653662908
233 347 0.693399674105
234 319 0.753093256583
234 320 0.758233943307
234 322 0.734166172761
234 325 0.724154770313
234 326 0.829190555031
234 327 0.744909853876
234 329 0.728062618166
234 330 0.714730799029
234 332 0.78320146724
234 335 0.78320146724
234 340 0.70531042129
234 344 0.760028400762
234 347 0.727206722476
234 351 0.741003566549
234 354 0.6803866346
235 236 1.21773701961
235 237 0.993132572162
235 239 1.21773701961
235 240 0.993132572162
236 237 1.11346942006
236 238 1.21773701961
236 240 1.11346942006
236 283 0.823660305195
236 284 0.960008382826
236 287 0.960008382826
237 238 0.993132572162
237 239 1.11346942006
237 283 0.900488116206
237 284 1.33407834152
237 286 0.900488116206
237 287 1.33407834152
238 239 1.21773701961
238 240 0.993132572162
239 240 1.11346942006
239 283 0.823660305195
239 284 0.960008382826
239 287 0.960008382826
240 283 0.900488116206
240 284 1.33407834152
240 286 0.900488116206
240 287 1.33407834152
241 242 2.45823098834
241 243 0.988666257085
241 244 0.926863991496
241 248 1.00544735085
241 259 1.0950203628
241 260 1.09163413472
241 261 1.18985302245
241 262 1.0950203628
241 263 1.09163413472
241 264 1.18985302245
241 289 1.48882692795
241 290 1.46037823064
241 291 1.0861336641
241 301 1.14674681301
242 248 1.18160705839
242 249 1.05444026882
242 259 1.11361793416
242 260 1.28046695708
242 261 1.1547802637
242 262 1.11361793416
242 263 1.28046695708
242 264 1.1547802637
242 289 1.61586435016
242 290 1.39066769526
242 301 1.02256450798
242 357 1.06456658626
242 360 1.06456658626
243 245 1.08067681546
243 249 1.01309264515
243 259 1.33110069586
243 261 1.5403169067
243 262 1.33110069586
243 264 1.5403169067
243 289 1.06539137295
243 290 1.08511707598
243 291 1.19529181863
243 297 1.18743418069
243 298 1.12965421699
243 299 2.04978547248
243 300 1.06947040559
243 309 1.24664015891
243 312 1.24664015891
244 254 0.864076292723
244 292 0.78851251814
244 301 1.40756252615
244 304 0.921455959091
244 305 0.775381821844
244 306 0.795287705759
244 307 0.954999913226
244 310 0.954999913226
245 248 1.10129221197
245 289 1.05943061429
245 291 0.955634173989
245 293 0.866552359464
245 294 0.916429747782
245 297 1.02398476706
245 299 1.13098664006
246 250 0.874062418636
246 297 0.934673419223
247 258 0.794089158178
247 298 1.25223182173
247 303 0.771712769331
247 308 1.40675031691
247 311 1.40675031691
248 260 1.26262746172
248 263 1.26262746172
248 289 1.18347393244
248 290 1.07335881286
248 291 0.992756785494
248 293 1.11589537222
249 250 1.41114472556
249 251 2.22809426254
249 260 1.12593227002
249 263 1.12593227002
249 289 1.09688475053
249 290 1.05830963086
249 295 1.14140082162
249 296 1.18968657152
249 297 1.10257882079
249 298 1.02792173813
249 299 1.21862032558
249 300 1.78068126056
250 251 3.13719849851
250 252 1.71758067559
250 291 0.94565972259
250 293 1.1081385462
250 295 0.973748338238
250 296 2.17120791289
250 297 1.55567830819
250 300 1.81678178845
251 252 1.51479737991
251 290 0.97486826588
251 291 0.973552103371
251 293 0.987482186981
251 295 1.11218935762
251 296 1.78664006858
251 297 1.4070567801
251 299 1.23049127214
251 300 2.17611924124
252 291 0.947657481988
252 293 1.03671891316
252 296 1.39549353136
252 297 0.965174965123
252 300 1.24528678001
253 254 1.04669613303
253 255 1.94239220177
253 256 1.68563784268
253 257 1.23116494346
253 303 0.762504757051
253 304 0.768339554658
254 255 0.895475242278
254 256 1.04454672186
254 257 0.78847654158
254 301 0.90477946675
254 303 1.10504058269
254 304 0.952856170502
255 256 2.01566981575
255 257 1.49736595207
255 353 0.583023030018
256 257 1.24622310782
256 303 0.841106264467
256 304 0.776468668139
256 305 0.755660000789
257 292 0.9237984964
257 340 0.69703012856
258 295 1.32183642787
258 296 0.867031363572
258 298 0.951028555856
258 300 0.986103240333
258 306 0.797780595773
258 307 0.855790190331
258 310 0.855790190331
259 261 1.66551768345
259 264 1.66551768345
259 308 0.950765619749
259 311 0.950765619749
260 289 1.02910197095
260 290 1.02670481357
260 301 0.940370067389
260 357 0.958702849721
260 360 0.958702849721
261 262 1.66551768345
261 289 1.03065331889
261 290 1.04346571138
261 291 0.973284379125
261 298 0.98944031966
261 299 1.19103018034
261 308 1.03116267054
261 309 1.08833414869
261 311 1.03116267054
261 312 1.08833414869
262 264 1.66551768345
262 308 0.950765619749
262 311 0.950765619749
263 289 1.02910197095
263 290 1.02670481357
263 301 0.940370067389
263 357 0.958702849721
263 360 0.958702849721
264 289 1.03065331889
264 290 1.04346571138
264 291 0.973284379125
264 298 0.98944031966
264 299 1.19103018034
264 308 1.03116267054
264 309 1.08833414869
264 311 1.03116267054
264 312 1.08833414869
265 266 1.28369188791
265 269 0.881508284048
265 272 0.989554471008
266 269 0.827404403468
266 272 0.858126714368
266 273 0.894368189008
266 277 0.989536017359
267 268 1.50740549454
267 270 1.04430743116
267 274 1.17976390232
267 275 1.04685973845
267 276 1.09382502227
267 279 0.981794132047
268 270 1.17724777094
268 274 1.10706248844
268 275 1.17987364954
268 276 1.24453437299
268 277 1.11077901301
268 282 0.975902415907
269 339 0.783392107596
270 274 0.875134954199
270 275 1.22768342479
270 276 1.49532426698
270 279 0.892952717359
271 272 2.07255952115
271 273 3.34892909967
271 277 1.30423709856
271 278 0.966844234614
271 280 1.27667237591
271 281 1.38415019963
272 273 2.72371729095
272 277 1.22338078536
272 280 1.07123887573
272 281 1.00933488799
273 277 1.43661214593
273 278 0.968849689345
273 280 1.30746390075
273 281 1.33898146377
274 275 1.40535995471
274 276 1.59199624563
274 278 1.06170741102
274 279 1.37008065913
274 282 1.35508656101
275 276 2.11763849941
275 279 0.997055198536
276 278 1.00335508375
276 279 1.22075273574
276 282 1.20139090601
277 280 1.71709309246
277 281 1.80528615842
278 279 0.967390847665
278 280 0.905640771208
278 281 1.12460958568
278 282 2.41010131221
278 285 0.910146214655
278 288 0.910146214655
278 315 0.938479109148
279 282 1.16693835673
279 283 0.728331484527
279 284 0.828457146607
279 287 0.828457146607
280 281 2.58103170062
281 282 0.964055136315
282 284 1.0080062128
282 285 1.12944342285
282 287 1.0080062128
282 288 1.12944342285
283 284 1.72863159668
283 285 1.13106191957
283 287 1.72863159668
283 288 1.13106191957
284 285 1.12108619905
284 286 1.72863159668
284 288 1.12108619905
285 286 1.13106191957
285 287 1.12108619905
286 287 1.72863159668
286 288 1.13106191957
287 288 1.12108619905
289 290 3.03472442953
289 291 1.39811453285
289 293 1.01489831722
290 291 1.63828516269
290 293 0.960941215297
290 300 0.976075072764
291 293 1.01442061858
291 297 0.980556407948
291 299 1.13500722555
291 309 0.972762932556
291 312 0.972762932556
292 307 0.967535468649
292 309 1.00253254938
292 310 0.967535468649
292 312 1.00253254938
292 340 1.18675686108
293 296 0.948758224238
293 297 1.00589933163
294 356 0.836259391576
294 357 0.993550285389
294 359 0.836259391576
294 360 0.993550285389
295 296 1.28011750266
295 297 0.948744517683
295 298 1.68025601447
295 299 1.27297420425
295 300 1.50438832423
295 307 0.953311717434
295 308 1.16645415681
295 309 1.00743949237
295 310 0.953311717434
295 311 1.16645415681
295 312 1.00743949237
296 297 1.60097983456
296 298 0.971322629329
296 299 1.20693014216
296 300 2.39764773161
296 309 0.843758550919
296 312 0.843758550919
297 299 1.45966899996
297 300 1.39310592176
298 299 1.64295744239
298 300 1.14289877355
298 308 1.97032116026
298 309 1.15659220381
298 311 1.97032116026
298 312 1.15659220381
299 300 1.32373667549
299 309 1.16870554966
299 312 1.16870554966
300 308 0.969232670631
300 311 0.969232670631
301 302 0.96114737869
301 303 0.911245218505
301 304 1.05838091789
301 308 0.868766046305
301 311 0.868766046305
302 303 1.22634331035
302 304 1.24526290522
302 305 1.10745707715
303 304 1.16850694869
303 305 0.918005543114
303 308 0.918376619077
303 311 0.918376619077
304 305 1.09568391105
304 307 0.721130402725
304 310 0.721130402725
306 307 0.816875358298
306 310 0.816875358298
307 340 0.682370099326
308 309 1.04995120665
308 312 1.04995120665
309 311 1.04995120665
310 340 0.682370099326
311 312 1.04995120665
313 314 2.13785337964
313 315 1.70119793192
314 315 2.6511040552
316 331 3.47759718699
316 332 0.771539925036
316 333 1.30836260147
316 334 3.47759718699
316 335 0.771539925036
316 336 1.30836260147
318 320 0.995833422032
318 321 1.05397389578
318 322 1.10515115416
318 323 1.48976631432
318 324 2.3740894475
318 325 0.739577794021
318 326 0.867645807568
318 327 0.766339078148
318 328 0.694802983554
318 330 0.833329069304
319 320 0.91278915294
319 322 0.886908086995
319 323 0.744315842433
319 324 0.711973526339
319 325 0.71797079037
319 326 0.791980312817
319 329 0.823003251674
319 330 0.818165224377
319 332 1.06313680506
319 333 1.01363663688
319 335 1.06313680506
319 336 1.01363663688
320 321 0.984234042792
320 322 2.75099447444
320 323 2.1601422213
320 324 1.28639484891
320 325 1.55113271236
320 326 1.62749037637
320 327 1.11157705658
320 328 0.873664789212
320 329 1.09126919373
320 330 2.07178248015
320 332 0.929267920611
320 335 0.929267920611
321 322 1.18951698051
321 323 1.06684773806
321 324 0.964133608855
321 325 0.894237475501
321 326 0.963290582563
321 327 1.18464210591
321 328 1.26079628791
321 329 0.672908991277
321 330 0.793610568897
322 323 2.21891725312
322 324 1.41157340141
322 325 1.34797756059
322 326 1.62842388501
322 327 1.16808331591
322 328 0.970463996831
322 329 1.02947618049
322 330 1.48900689687
322 332 0.86527672672
322 335 0.86527672672
323 324 2.02049366439
323 325 1.08994277333
323 326 1.20818210286
323 327 0.927703904907
323 328 0.785660616636
323 329 0.798571150539
323 330 1.39363524214
323 332 0.75058088092
323 335 0.75058088092
324 325 0.789351798882
324 326 0.91532288931
324 327 0.750984263622
324 330 0.941607497376
325 326 2.22925864582
325 327 1.54638491271
325 328 1.13354158066
325 329 1.69346888447
325 330 2.16414233949
325 332 0.870103425245
325 335 0.870103425245
326 327 1.96228650753
326 328 1.21363619169
326 329 1.51086869994
326 330 1.85035279256
326 332 1.05763957164
326 335 1.05763957164
327 328 2.4070350625
327 329 1.15161070275
327 330 1.08651176252
327 332 0.831021803172
327 335 0.831021803172
328 329 0.925515399617
328 330 0.846933781691
329 330 1.36479851223
329 332 1.07906724123
329 335 1.07906724123
330 332 0.903764423264
330 335 0.903764423264
331 332 0.739363324133
331 333 1.03439888275
331 335 0.739363324133
331 336 1.03439888275
332 333 0.834979626451
332 334 0.739363324133
332 336 0.834979626451
333 334 1.03439888275
333 335 0.834979626451
334 335 0.739363324133
334 336 1.03439888275
335 336 0.834979626451
337 338 0.668149785347
337 339 2.25878222118
337 341 0.726327411761
337 342 0.767136638914
338 339 0.815698086836
338 342 1.37232372273
339 341 0.750864388243
339 342 0.901231465435
340 343 1.00481128001
340 344 0.761904194189
340 345 0.816130428751
340 346 1.06336331621
340 348 0.82802673905
340 352 1.30677037774
340 353 0.731709792196
340 354 0.82692252831
343 344 0.719601829486
343 345 0.950479094352
343 346 1.45791053873
343 347 0.642359743825
343 348 0.865234467588
343 352 1.14091801451
343 353 0.750984504107
343 354 0.701515012569
344 345 1.12199236029
344 346 0.94493309354
344 347 1.88410612373
344 348 1.09485989299
344 349 1.03654187874
344 350 0.965290717929
344 351 1.1220148946
344 352 0.735745759506
344 354 1.21682861036
345 346 1.92583173239
345 347 1.26947856662
345 348 2.65814414315
345 349 0.5613840594
345 350 0.542470194375
345 351 0.607550666
345 352 0.686960370428
345 354 0.761239040302
346 347 0.860866568456
346 348 1.71807314922
346 351 0.554591553303
346 352 0.851221064015
346 353 0.547559721243
346 354 0.859961451237
347 348 1.15268361107
347 349 0.731229885269
347 350 0.736305035627
347 351 0.886875140525
347 352 0.615608660727
347 354 0.777268376386
348 349 0.585737074489
348 350 0.573456181259
348 351 0.639611008386
348 352 0.683806797941
348 354 0.830510192207
349 350 2.11664235309
349 351 1.54610695244
349 352 0.588781408912
349 354 1.06764580488
350 351 2.59078627633
350 354 0.997817950446
351 354 0.954822839091
352 353 1.23891042345
352 354 0.787669169044
355 356 2.48366562522
355 357 2.24222212236
355 359 2.48366562522
355 360 2.24222212236
356 357 2.02779349109
356 358 2.48366562522
356 360 2.02779349109
357 358 2.24222212236
357 359 2.02779349109
358 359 2.48366562522
358 360 2.24222212236
359 360 2.02779349109
