28 31 33 42 124 206 270 320 321 330 388 479 567 635 823 840 843 877 878 880 885 918 938 948 975 976 
2 10 11 15 35 40 41 57 61 85 91 118 122 123 197 217 239 240 253 254 262 271 274 287 292 294 299 305 307 310 314 325 327 357 361 370 410 418 442 445 453 464 470 482 484 497 531 537 543 564 579 615 626 630 634 643 654 655 689 691 701 702 716 721 729 732 734 748 795 806 810 815 828 833 834 837 848 850 870 903 927 937 941 956 972 983 995 999 1000 
1 5 7 48 49 83 94 101 113 141 164 168 184 207 210 222 285 286 297 339 346 351 406 409 420 423 467 500 504 514 551 583 595 608 633 686 727 771 812 813 817 852 858 867 887 894 920 964 
29 68 73 93 111 117 119 125 138 157 187 194 199 204 214 221 229 237 247 259 264 265 283 289 291 319 322 324 331 348 359 366 373 414 431 434 440 449 451 474 495 508 512 544 552 565 587 597 598 599 611 620 625 646 647 651 659 660 673 674 675 678 682 694 700 711 714 717 719 730 731 740 752 758 759 760 764 809 835 845 851 865 871 898 899 917 919 924 929 939 942 950 952 955 959 979 980 984 988 994 
4 19 32 36 39 54 60 92 97 130 132 150 156 165 172 186 226 234 284 311 358 367 381 387 391 393 400 411 452 459 468 501 522 530 535 581 602 604 627 629 668 692 709 718 767 798 862 906 921 966 969 973 
16 34 77 87 108 139 148 161 167 202 341 364 372 396 536 601 622 658 775 811 830 838 844 
6 12 25 44 51 59 81 115 147 182 191 200 215 219 225 227 232 233 245 246 248 250 272 281 282 300 301 303 304 312 328 333 371 377 390 394 402 405 439 443 444 458 462 471 488 490 498 505 513 521 525 526 560 562 577 589 607 623 624 664 697 703 712 724 745 746 750 785 789 797 816 832 849 868 875 895 900 908 915 931 947 996 
3 9 153 190 203 209 384 478 507 518 529 532 549 594 609 649 672 705 725 735 768 770 773 793 872 
13 24 30 43 76 133 162 163 171 173 193 369 395 397 417 438 457 475 477 520 554 576 590 603 628 637 690 698 737 738 739 744 749 755 761 769 799 801 892 901 932 962 993 997 
8 14 71 86 106 107 110 121 131 151 154 177 185 195 205 213 223 224 293 306 334 365 368 403 415 461 469 476 480 481 502 548 553 566 584 588 596 639 661 687 696 710 720 726 736 741 743 772 818 846 860 869 879 886 897 902 911 940 978 
47 55 56 80 82 96 129 136 180 308 345 392 413 446 517 545 644 652 715 723 733 829 968 
20 22 23 99 159 178 302 466 524 556 561 593 656 667 683 693 778 787 792 800 857 888 935 954 
45 75 79 89 103 104 109 120 127 128 143 145 166 189 241 249 257 268 288 313 315 326 342 343 344 356 362 375 378 379 380 389 404 416 422 429 450 460 472 483 487 494 496 511 527 528 533 534 542 546 574 585 592 642 670 676 679 681 685 782 790 794 803 819 864 882 884 904 905 909 910 944 949 953 967 977 991 992 998 
21 37 84 114 146 211 236 267 278 316 337 401 421 454 563 586 619 648 650 804 836 855 883 891 926 965 982 
26 126 142 152 155 242 243 323 398 419 568 573 606 610 640 728 753 802 808 831 866 890 913 914 933 951 986 
38 58 67 112 116 158 216 230 280 290 332 426 448 493 547 614 631 641 695 762 781 825 861 961 970 
18 50 52 62 63 69 70 78 88 174 192 208 212 228 235 258 263 273 275 296 309 317 335 349 350 353 385 427 428 436 455 473 485 491 515 539 550 557 559 571 572 591 636 653 662 666 669 688 706 742 747 754 765 779 791 805 814 928 930 936 958 
46 65 66 74 98 100 102 105 140 149 160 179 183 201 220 231 238 244 251 260 261 269 276 279 295 329 336 338 347 355 363 382 407 412 430 456 463 465 486 489 506 510 516 519 541 570 582 605 617 638 657 663 665 677 680 708 722 763 777 780 820 841 853 854 876 881 889 896 916 934 943 945 971 974 981 987 
95 181 188 255 256 386 399 432 433 499 503 558 616 707 713 757 776 783 822 827 873 893 
17 27 53 64 72 90 137 144 169 170 175 176 196 198 218 252 266 277 298 340 352 360 374 376 424 435 447 492 509 523 538 540 575 578 580 600 612 613 621 632 671 684 751 756 786 788 796 821 824 826 839 842 847 856 907 946 957 960 989 990 
134 135 318 354 383 408 425 437 441 555 569 618 645 699 704 766 774 784 807 859 863 874 912 922 923 925 963 985 
