33 199 247 340 355 411 422 438 485 491 535 577 637 642 
89 98 120 140 152 169 202 232 249 292 298 330 490 
3 25 66 110 121 158 182 188 252 290 394 
20 51 113 174 227 231 245 373 405 431 475 
40 52 84 100 156 183 234 333 346 383 410 
75 80 220 241 268 288 403 458 520 551 567 570 596 607 638 
6 24 46 58 149 170 237 310 444 460 471 507 521 527 550 558 606 651 740 744 770 794 815 853 865 878 888 897 920 928 936 956 968 982 
14 68 83 88 101 125 197 244 259 372 489 560 564 595 666 
27 56 118 126 142 154 159 187 201 204 254 363 367 396 467 476 482 500 506 509 659 669 690 714 734 764 782 820 829 836 855 872 921 961 977 999 
77 216 230 236 256 267 273 312 313 314 328 351 397 540 553 569 576 653 674 700 728 767 844 869 893 895 917 933 938 941 943 949 
30 134 233 271 286 323 339 578 594 600 602 618 625 627 629 695 
146 147 195 214 250 285 316 416 428 452 459 493 
8 60 85 239 276 281 307 370 406 419 434 468 481 483 648 
34 69 122 160 168 221 224 255 301 414 417 426 442 449 450 453 528 543 683 696 730 731 800 840 857 899 906 937 948 963 966 970 975 
1 67 79 95 97 180 192 211 294 306 348 390 395 413 465 478 505 516 524 536 610 631 656 667 729 748 751 757 762 771 773 776 811 816 819 832 833 852 870 882 892 901 914 923 955 957 978 980 990 997 
112 145 178 225 243 303 408 469 484 517 537 544 552 563 586 621 665 678 680 709 721 749 752 805 842 874 881 894 907 912 939 
22 39 81 82 141 144 213 261 279 322 335 338 341 343 375 435 446 447 451 463 497 547 555 565 575 582 608 646 687 692 717 727 747 755 765 783 791 843 886 910 926 932 959 972 984 995 
130 173 218 257 260 269 324 369 378 456 462 
37 48 115 181 186 296 297 376 385 389 421 439 473 616 626 710 732 742 753 775 788 802 841 861 875 902 
73 111 138 209 228 329 359 454 466 480 510 522 546 
9 13 105 106 193 207 253 302 356 402 492 496 548 572 611 633 639 698 720 723 733 774 793 797 814 891 915 925 
41 136 151 272 321 347 362 391 427 437 488 
4 7 53 57 217 311 336 345 354 377 424 445 464 472 613 636 650 662 672 681 750 787 821 860 883 
5 18 74 116 129 131 215 235 283 320 
15 114 176 205 266 274 308 331 349 379 392 398 436 487 525 649 655 663 711 824 826 847 873 
26 45 117 132 284 344 407 415 441 470 495 541 624 632 671 682 697 701 722 795 812 817 818 830 850 896 913 
72 91 108 163 189 242 263 300 325 368 508 561 620 694 708 724 736 743 
12 16 42 128 133 153 190 196 206 208 258 327 332 334 353 374 399 430 494 502 513 539 592 634 635 679 703 715 719 726 758 778 780 831 839 898 904 927 940 942 953 974 983 985 
61 65 104 123 135 137 171 185 191 287 305 474 486 590 699 735 738 745 756 
59 90 96 167 200 270 277 304 393 401 443 461 533 585 593 598 605 685 760 761 777 827 838 
36 87 103 119 148 150 157 161 198 203 240 251 309 326 337 350 400 409 530 531 573 574 591 623 654 657 712 713 716 754 772 779 786 796 799 803 845 854 876 879 889 909 919 930 950 962 971 986 992 1000 
11 17 109 177 226 262 371 380 498 519 532 559 587 630 644 647 658 691 725 806 834 846 849 859 864 866 868 877 884 885 887 890 916 951 952 958 987 996 
10 19 44 54 63 93 124 143 155 238 246 265 291 352 360 404 433 512 566 584 597 603 619 759 790 825 837 858 922 934 947 954 973 989 991 
28 43 86 94 127 264 315 317 518 538 568 571 581 588 601 660 670 693 
102 164 319 366 382 386 412 420 429 499 504 511 542 549 641 673 675 705 706 808 
2 23 29 35 92 222 223 282 289 299 318 388 425 448 526 534 545 554 557 562 579 609 612 615 617 661 677 702 763 766 784 785 798 804 809 851 871 880 903 905 918 924 931 944 945 964 976 979 988 994 
47 139 210 275 278 295 432 477 515 529 556 583 604 628 652 664 668 684 741 746 768 781 789 792 823 828 835 856 862 911 929 946 
32 38 76 99 175 179 184 194 219 229 357 358 361 365 381 387 423 457 479 514 599 614 643 676 686 688 689 707 718 737 769 813 848 863 867 908 935 960 965 967 969 981 993 998 
31 49 64 70 78 162 165 166 172 248 280 364 418 440 455 503 622 640 645 704 739 801 807 810 822 900 
21 50 55 62 71 107 212 293 342 384 501 523 580 589 
