1 5 7.07106781187
1 8 5.7735026919
1 11 2.67261241912
1 12 2.67261241912
1 18 10.0
1 20 3.01511344578
1 21 2.29415733871
1 22 3.33333333333
1 27 3.16227766017
1 28 7.07106781187
1 29 7.07106781187
1 32 2.58198889747
1 36 2.67261241912
1 37 2.42535625036
1 40 7.07106781187
1 41 5.7735026919
1 44 2.18217890236
1 47 2.77350098113
1 49 3.33333333333
1 50 4.472135955
2 3 3.33333333333
2 4 3.01511344578
2 9 1.96116135138
2 10 5.7735026919
2 13 7.07106781187
2 26 4.472135955
2 30 2.88675134595
2 31 4.08248290464
2 35 5.7735026919
2 36 3.33333333333
2 38 5.7735026919
2 39 1.96116135138
2 46 7.07106781187
2 48 2.77350098113
2 50 3.16227766017
3 4 4.08248290464
3 7 3.77964473009
3 8 2.42535625036
3 9 2.29415733871
3 10 3.16227766017
3 12 2.67261241912
3 13 3.77964473009
3 26 2.13200716356
3 30 3.33333333333
3 31 3.01511344578
3 35 3.16227766017
3 36 3.16227766017
3 38 3.16227766017
3 39 2.77350098113
3 41 2.29415733871
3 43 3.33333333333
3 46 3.77964473009
3 48 7.07106781187
3 50 3.01511344578
4 7 3.01511344578
4 9 3.33333333333
4 10 3.16227766017
4 12 2.67261241912
4 13 3.77964473009
4 14 1.9245008973
4 26 2.35702260396
4 30 5.7735026919
4 31 4.472135955
4 35 3.16227766017
4 38 3.16227766017
4 39 3.33333333333
4 43 3.33333333333
4 46 3.77964473009
4 48 7.07106781187
5 7 2.18217890236
5 8 4.472135955
5 11 2.35702260396
5 12 2.88675134595
5 18 5.7735026919
5 20 3.77964473009
5 22 3.77964473009
5 27 2.88675134595
5 28 4.08248290464
5 29 3.53553390593
5 32 2.0
5 36 2.2360679775
5 40 4.08248290464
5 41 5.7735026919
5 44 2.18217890236
5 47 3.33333333333
5 49 3.01511344578
5 50 3.33333333333
6 11 2.88675134595
6 16 1.62221421131
6 17 2.5
6 19 3.01511344578
6 20 2.58198889747
6 21 1.85695338177
6 22 2.42535625036
6 32 1.85695338177
6 33 2.18217890236
6 34 2.08514414057
6 45 2.67261241912
6 47 2.58198889747
6 49 2.77350098113
7 10 2.08514414057
7 12 3.33333333333
7 13 2.04124145232
7 23 2.18217890236
7 30 3.16227766017
7 31 2.35702260396
7 35 2.08514414057
7 38 2.08514414057
7 39 2.13200716356
7 41 2.35702260396
7 43 3.16227766017
7 46 2.2360679775
7 48 4.472135955
8 10 3.01511344578
8 12 4.472135955
8 18 5.0
8 22 2.67261241912
8 24 2.58198889747
8 26 2.42535625036
8 27 4.472135955
8 28 4.472135955
8 29 4.472135955
8 30 2.67261241912
8 31 2.67261241912
8 35 3.01511344578
8 36 2.77350098113
8 38 3.01511344578
8 40 10.0
8 41 4.08248290464
8 50 7.07106781187
9 13 2.35702260396
9 14 2.88675134595
9 39 7.07106781187
9 42 1.60128153805
9 43 3.16227766017
9 46 2.35702260396
9 48 2.77350098113
10 12 2.88675134595
10 13 5.7735026919
10 26 5.0
10 27 2.2360679775
10 29 2.2360679775
10 30 3.77964473009
10 31 5.7735026919
10 36 2.88675134595
10 40 2.67261241912
10 46 3.77964473009
10 48 2.88675134595
10 50 3.77964473009
11 17 2.88675134595
11 18 2.58198889747
11 19 2.58198889747
11 20 3.01511344578
11 21 2.77350098113
11 22 2.77350098113
11 28 3.53553390593
11 29 2.67261241912
11 32 2.77350098113
11 33 2.18217890236
11 34 1.9245008973
11 37 3.33333333333
11 47 3.01511344578
11 49 10.0
12 18 2.58198889747
12 24 2.2360679775
12 25 3.33333333333
12 27 3.53553390593
12 28 2.35702260396
12 30 4.472135955
12 31 3.33333333333
12 35 2.88675134595
12 38 2.88675134595
12 40 3.16227766017
12 41 2.58198889747
12 48 2.88675134595
12 50 3.33333333333
13 26 3.33333333333
13 30 3.16227766017
13 31 4.08248290464
13 35 5.7735026919
13 36 2.77350098113
13 38 5.7735026919
13 39 2.35702260396
13 43 2.13200716356
13 46 5.0
13 48 3.33333333333
14 23 1.45864991498
14 39 4.08248290464
14 42 1.28036879933
14 43 3.16227766017
14 48 2.08514414057
15 16 1.82574185835
15 17 2.13200716356
15 19 1.79605302027
15 33 1.45864991498
15 34 2.42535625036
15 37 1.69030850946
16 17 1.62221421131
16 19 1.56173761889
16 33 1.52498570333
16 34 2.77350098113
17 19 1.9245008973
17 20 2.58198889747
17 22 2.42535625036
17 32 1.85695338177
17 33 2.18217890236
17 34 2.58198889747
17 37 2.18217890236
17 47 2.08514414057
17 49 2.77350098113
18 20 3.16227766017
18 22 4.08248290464
18 24 2.42535625036
18 27 3.77964473009
18 28 5.7735026919
18 29 5.7735026919
18 32 2.88675134595
18 36 2.58198889747
18 37 2.35702260396
18 40 5.7735026919
18 41 7.07106781187
18 44 2.67261241912
18 47 2.67261241912
18 49 3.16227766017
18 50 4.08248290464
19 21 1.96116135138
19 33 1.54303349962
19 34 1.82574185835
19 37 1.82574185835
19 49 2.13200716356
20 22 7.07106781187
20 27 2.29415733871
20 28 3.01511344578
20 29 2.29415733871
20 32 1.96116135138
20 33 2.67261241912
20 40 2.42535625036
20 41 2.67261241912
20 44 2.2360679775
20 45 2.42535625036
20 47 7.07106781187
20 49 4.08248290464
21 24 2.29415733871
21 28 3.33333333333
21 29 2.77350098113
21 32 3.53553390593
21 37 2.35702260396
21 40 2.77350098113
21 47 1.96116135138
21 49 2.67261241912
22 24 2.18217890236
22 27 3.01511344578
22 28 3.33333333333
22 29 2.58198889747
22 32 2.35702260396
22 40 2.77350098113
22 41 3.16227766017
22 44 3.16227766017
22 45 2.42535625036
22 47 4.08248290464
22 49 3.53553390593
23 39 1.42857142857
23 43 1.85695338177
24 25 2.08514414057
24 26 2.2360679775
24 27 5.0
24 28 2.35702260396
24 31 2.08514414057
24 32 2.58198889747
24 40 2.67261241912
24 44 3.77964473009
25 26 1.85695338177
25 27 2.42535625036
25 30 2.67261241912
25 31 2.35702260396
25 44 1.82574185835
25 45 1.85695338177
26 30 2.77350098113
26 31 4.472135955
26 35 5.0
26 36 2.2360679775
26 38 5.0
26 46 3.33333333333
26 48 2.04124145232
26 50 2.77350098113
27 28 3.16227766017
27 29 2.88675134595
27 30 2.42535625036
27 31 2.42535625036
27 32 2.42535625036
27 35 2.2360679775
27 40 4.08248290464
27 41 3.01511344578
27 44 4.472135955
27 50 3.33333333333
28 29 7.07106781187
28 32 3.33333333333
28 37 2.77350098113
28 40 7.07106781187
28 41 3.33333333333
28 44 2.18217890236
28 47 3.01511344578
28 49 4.472135955
28 50 3.33333333333
29 32 3.33333333333
29 35 2.2360679775
29 36 2.88675134595
29 37 3.01511344578
29 38 2.2360679775
29 40 7.07106781187
29 41 3.77964473009
29 49 3.01511344578
29 50 4.472135955
30 31 7.07106781187
30 35 3.77964473009
30 38 3.77964473009
30 39 2.13200716356
30 43 2.35702260396
30 46 3.16227766017
30 48 4.472135955
30 50 2.67261241912
31 35 5.7735026919
31 36 2.18217890236
31 38 5.7735026919
31 46 4.08248290464
31 48 3.33333333333
31 50 2.88675134595
32 37 3.16227766017
32 40 2.77350098113
32 41 2.13200716356
32 44 2.13200716356
32 49 2.67261241912
33 34 2.88675134595
33 45 1.69030850946
33 47 2.88675134595
33 49 2.35702260396
35 36 2.88675134595
35 40 2.67261241912
35 46 3.77964473009
35 48 2.88675134595
35 50 3.77964473009
36 38 2.88675134595
36 40 2.67261241912
36 41 3.01511344578
36 46 2.77350098113
36 48 2.2360679775
36 50 4.472135955
37 49 2.88675134595
38 40 2.67261241912
38 46 3.77964473009
38 48 2.88675134595
38 50 3.77964473009
39 43 5.0
39 46 2.35702260396
39 48 3.33333333333
40 41 3.77964473009
40 49 2.77350098113
40 50 5.7735026919
41 44 2.35702260396
41 47 2.2360679775
41 49 2.35702260396
41 50 4.08248290464
43 46 2.13200716356
43 48 4.472135955
44 45 2.08514414057
44 47 1.96116135138
45 47 2.77350098113
46 48 3.33333333333
46 50 2.67261241912
47 49 4.08248290464
51 52 1.56173761889
51 53 3.77964473009
51 59 1.9245008973
51 66 2.29415733871
51 76 1.85695338177
51 77 2.18217890236
51 78 1.79605302027
51 87 3.01511344578
52 55 2.35702260396
52 57 3.77964473009
52 59 2.35702260396
52 62 1.62221421131
52 64 2.08514414057
52 66 2.88675134595
52 74 1.62221421131
52 75 2.42535625036
52 76 3.16227766017
52 77 1.54303349962
52 78 1.54303349962
52 79 2.0
52 86 2.18217890236
52 87 2.67261241912
52 92 2.58198889747
52 98 2.18217890236
52 139 1.62221421131
53 55 1.71498585143
53 59 1.96116135138
53 66 1.82574185835
53 76 1.66666666667
53 77 2.88675134595
53 78 3.16227766017
53 87 3.53553390593
53 142 1.21267812518
54 60 1.9245008973
54 61 1.21267812518
54 63 1.69030850946
54 65 1.37360563949
54 68 1.69030850946
54 70 3.16227766017
54 80 1.45864991498
54 81 3.33333333333
54 82 2.29415733871
54 83 1.9245008973
54 90 5.0
54 91 1.96116135138
54 93 2.29415733871
54 95 2.18217890236
54 100 1.82574185835
55 57 1.79605302027
55 59 4.08248290464
55 64 2.29415733871
55 66 2.35702260396
55 73 2.13200716356
55 74 1.96116135138
55 75 2.58198889747
55 76 3.16227766017
55 77 2.67261241912
55 78 1.88982236505
55 79 1.9245008973
55 87 2.67261241912
55 88 1.64398987305
55 92 2.18217890236
55 98 2.08514414057
55 124 2.08514414057
55 127 2.13200716356
55 134 1.85695338177
56 62 2.18217890236
56 64 2.13200716356
56 67 3.33333333333
56 68 1.9245008973
56 72 1.56173761889
56 74 2.18217890236
56 79 2.67261241912
56 83 1.60128153805
56 85 2.42535625036
56 89 2.18217890236
56 90 1.62221421131
56 91 3.16227766017
56 92 2.13200716356
56 93 1.79605302027
56 95 3.01511344578
56 96 2.67261241912
56 97 3.16227766017
56 98 1.82574185835
56 100 2.5
57 59 1.69030850946
57 64 2.04124145232
57 66 1.74077655956
57 71 2.13200716356
57 75 1.54303349962
57 76 1.79605302027
57 78 1.69030850946
57 79 1.82574185835
57 86 2.67261241912
57 87 2.18217890236
57 92 2.35702260396
57 111 1.64398987305
57 127 1.79605302027
57 128 2.18217890236
57 139 2.08514414057
58 61 2.18217890236
58 80 1.17851130198
58 82 1.38675049056
58 94 7.07106781187
58 99 2.58198889747
59 64 1.9245008973
59 66 3.16227766017
59 73 1.62221421131
59 74 1.88982236505
59 75 2.77350098113
59 76 4.08248290464
59 77 3.16227766017
59 78 1.71498585143
59 87 3.16227766017
59 92 1.9245008973
59 98 2.0
60 65 1.82574185835
60 70 1.85695338177
60 80 1.3130643286
60 81 1.88982236505
60 82 1.62221421131
60 85 1.41421356237
60 89 1.82574185835
60 90 2.58198889747
60 91 1.60128153805
60 95 1.96116135138
60 97 1.60128153805
60 100 1.79605302027
60 107 1.3130643286
61 81 1.40028008403
61 82 1.490711985
61 94 2.77350098113
61 99 1.38675049056
62 64 1.79605302027
62 67 2.35702260396
62 68 1.66666666667
62 72 2.5
62 74 1.54303349962
62 75 1.79605302027
62 79 3.01511344578
62 83 1.88982236505
62 85 1.71498585143
62 86 1.9245008973
62 89 2.67261241912
62 92 2.18217890236
62 93 1.82574185835
62 95 2.13200716356
62 96 2.77350098113
62 97 3.33333333333
62 98 2.58198889747
62 100 2.77350098113
63 68 1.82574185835
63 69 1.36082763488
63 70 1.9245008973
63 72 1.47441956155
63 80 1.41421356237
63 81 1.71498585143
63 82 1.62221421131
63 83 1.71498585143
63 88 1.69030850946
63 90 1.52498570333
63 93 2.04124145232
64 67 1.79605302027
64 71 1.82574185835
64 73 2.0
64 74 4.472135955
64 75 1.96116135138
64 79 4.08248290464
64 84 2.0
64 92 7.07106781187
64 98 2.35702260396
64 124 1.88982236505
64 127 2.29415733871
64 128 2.18217890236
64 134 2.13200716356
64 139 2.29415733871
65 68 1.54303349962
65 70 1.85695338177
65 72 1.54303349962
65 80 2.2360679775
65 81 1.71498585143
65 82 1.66666666667
65 83 2.35702260396
65 89 1.96116135138
65 90 1.74077655956
65 93 1.82574185835
65 95 1.58113883008
65 96 1.60128153805
65 97 1.64398987305
65 99 1.11111111111
65 100 1.9245008973
66 75 2.58198889747
66 76 7.07106781187
66 77 1.96116135138
66 87 3.16227766017
66 98 1.79605302027
67 71 1.79605302027
67 74 1.54303349962
67 79 2.42535625036
67 85 5.0
67 86 1.74077655956
67 89 2.2360679775
67 91 1.9245008973
67 92 1.9245008973
67 95 2.13200716356
67 96 2.29415733871
67 97 2.58198889747
67 100 2.0
67 122 1.490711985
67 139 1.71498585143
68 70 2.77350098113
68 72 2.2360679775
68 80 1.62221421131
68 81 1.88982236505
68 82 1.71498585143
68 83 3.53553390593
68 89 2.13200716356
68 90 2.08514414057
68 91 2.08514414057
68 93 4.08248290464
68 95 2.67261241912
68 96 2.58198889747
68 97 2.58198889747
68 98 1.74077655956
68 100 3.01511344578
69 73 1.96116135138
69 88 3.77964473009
69 120 1.85695338177
69 147 1.40028008403
70 72 1.60128153805
70 80 2.29415733871
70 81 5.7735026919
70 82 3.77964473009
70 83 3.33333333333
70 89 1.74077655956
70 90 4.08248290464
70 91 1.88982236505
70 93 3.77964473009
70 95 2.42535625036
70 96 1.66666666667
70 97 1.82574185835
70 100 2.35702260396
71 79 1.88982236505
71 84 1.60128153805
71 85 1.45864991498
71 86 2.35702260396
71 92 1.88982236505
71 102 1.66666666667
71 122 1.82574185835
71 124 1.54303349962
71 127 2.0
71 128 3.33333333333
71 139 4.472135955
71 143 1.66666666667
71 150 2.77350098113
72 75 2.29415733871
72 76 1.47441956155
72 79 1.79605302027
72 83 2.88675134595
72 88 1.490711985
72 89 1.82574185835
72 90 1.490711985
72 93 2.67261241912
72 95 1.82574185835
72 96 2.0
72 97 2.18217890236
72 98 3.01511344578
72 100 2.42535625036
73 74 1.96116135138
73 77 1.66666666667
73 84 2.35702260396
73 88 1.74077655956
73 102 1.42857142857
73 112 1.64398987305
73 120 2.29415733871
73 124 2.77350098113
73 127 2.2360679775
73 128 1.62221421131
73 134 2.77350098113
73 147 2.42535625036
74 75 1.9245008973
74 76 1.54303349962
74 79 2.58198889747
74 84 1.71498585143
74 88 1.60128153805
74 92 3.33333333333
74 98 2.29415733871
74 134 1.85695338177
75 76 3.77964473009
75 77 1.52498570333
75 79 2.04124145232
75 87 1.74077655956
75 88 1.62221421131
75 92 2.2360679775
75 98 5.0
76 77 2.04124145232
76 86 1.32453235707
76 87 2.88675134595
76 92 1.85695338177
76 98 2.29415733871
77 78 2.35702260396
77 87 2.88675134595
77 124 1.52498570333
77 134 1.69030850946
78 87 2.67261241912
78 111 2.35702260396
78 112 1.79605302027
78 117 1.82574185835
78 124 1.9245008973
78 127 1.71498585143
78 134 2.0
78 138 1.66666666667
78 140 1.64398987305
78 142 1.54303349962
78 146 1.58113883008
78 148 2.42535625036
79 86 1.96116135138
79 92 5.0
79 96 1.88982236505
79 97 2.13200716356
79 98 2.88675134595
79 100 1.82574185835
79 127 2.08514414057
79 128 1.9245008973
79 139 2.29415733871
80 81 2.35702260396
80 82 2.88675134595
80 83 2.13200716356
80 90 1.60128153805
80 93 1.82574185835
80 94 1.27000127
80 99 1.2598815767
81 82 7.07106781187
81 83 2.2360679775
81 89 1.41421356237
81 90 3.33333333333
81 91 1.56173761889
81 93 2.35702260396
81 94 1.38675049056
81 95 1.82574185835
81 100 1.74077655956
82 83 1.96116135138
82 90 2.29415733871
82 93 1.96116135138
82 94 1.54303349962
82 99 1.22169444356
83 89 2.35702260396
83 90 2.58198889747
83 91 1.69030850946
83 93 7.07106781187
83 95 2.67261241912
83 96 2.29415733871
83 97 2.58198889747
83 98 1.64398987305
83 100 3.77964473009
84 102 2.77350098113
84 112 1.85695338177
84 114 1.82574185835
84 120 1.9245008973
84 122 1.64398987305
84 124 2.42535625036
84 127 2.35702260396
84 128 2.35702260396
84 134 3.01511344578
84 135 1.79605302027
84 139 2.13200716356
84 143 2.77350098113
84 147 2.08514414057
84 150 2.67261241912
85 86 1.37360563949
85 89 2.04124145232
85 91 1.9245008973
85 95 1.96116135138
85 96 1.9245008973
85 97 2.08514414057
85 107 1.36082763488
85 122 1.42857142857
86 92 2.13200716356
86 128 1.64398987305
86 139 1.85695338177
88 98 1.62221421131
88 120 1.41421356237
89 90 1.9245008973
89 91 1.9245008973
89 93 2.13200716356
89 95 3.16227766017
89 96 5.7735026919
89 97 5.7735026919
89 100 4.472135955
90 91 2.35702260396
90 93 3.01511344578
90 95 3.33333333333
90 96 1.71498585143
90 97 2.04124145232
90 100 2.67261241912
91 93 2.0
91 95 3.77964473009
91 96 2.04124145232
91 97 2.35702260396
91 100 2.35702260396
92 97 1.71498585143
92 98 2.88675134595
92 127 2.0
92 128 2.0
92 134 1.71498585143
92 139 2.18217890236
93 95 3.16227766017
93 96 2.18217890236
93 97 2.58198889747
93 98 1.69030850946
93 100 3.77964473009
94 99 2.58198889747
95 96 3.01511344578
95 97 4.472135955
95 100 5.7735026919
96 97 7.07106781187
96 98 1.88982236505
96 100 4.08248290464
97 98 1.96116135138
97 100 7.07106781187
98 100 1.82574185835
101 105 1.96116135138
101 110 1.04828483672
101 121 1.41421356237
101 125 1.56173761889
101 137 2.35702260396
101 141 1.64398987305
101 144 1.79605302027
101 145 2.0
101 149 1.54303349962
102 112 1.58113883008
102 114 3.77964473009
102 115 1.96116135138
102 120 1.47441956155
102 122 3.16227766017
102 124 1.82574185835
102 127 1.9245008973
102 128 2.08514414057
102 135 1.29099444874
102 139 2.08514414057
102 147 1.82574185835
102 150 3.01511344578
103 105 1.62221421131
103 108 1.82574185835
103 109 1.40028008403
103 110 1.32453235707
103 113 2.0
103 121 2.5
103 125 1.85695338177
103 126 2.58198889747
103 130 1.9245008973
103 131 2.18217890236
103 136 1.50755672289
103 140 1.82574185835
103 141 1.69030850946
103 144 2.42535625036
103 145 1.490711985
104 105 2.0
104 109 1.66666666667
104 111 1.54303349962
104 112 2.58198889747
104 113 1.66666666667
104 116 1.50755672289
104 117 4.08248290464
104 125 1.54303349962
104 129 3.01511344578
104 133 2.35702260396
104 134 1.69030850946
104 135 1.85695338177
104 138 4.08248290464
104 147 1.37360563949
104 148 2.0
104 150 1.54303349962
105 113 2.29415733871
105 116 1.79605302027
105 117 2.0
105 121 2.13200716356
105 125 2.58198889747
105 129 3.16227766017
105 133 3.33333333333
105 137 1.88982236505
105 138 1.9245008973
105 140 1.71498585143
105 141 2.77350098113
105 144 2.58198889747
105 145 2.08514414057
105 146 1.56173761889
105 149 1.54303349962
106 108 1.88982236505
106 110 1.03695169473
106 118 1.22169444356
106 119 1.82574185835
106 123 3.77964473009
106 126 1.24034734589
106 131 1.64398987305
106 132 1.13227703414
106 136 1.82574185835
108 109 1.1396057646
108 110 0.985329278164
108 118 0.880450906326
108 119 1.07832773203
108 123 1.64398987305
108 126 2.29415733871
108 130 1.79605302027
108 131 3.77964473009
108 132 0.905357460425
108 136 1.47441956155
109 112 1.60128153805
109 117 1.62221421131
109 126 1.13227703414
109 129 1.79605302027
109 130 1.36082763488
109 131 1.21267812518
109 133 1.62221421131
109 135 1.32453235707
110 118 1.16247638744
110 121 1.490711985
110 126 1.23091490979
110 131 0.980580675691
110 132 1.07211253484
110 136 1.24034734589
110 144 1.58113883008
110 145 1.41421356237
111 112 1.79605302027
111 113 1.82574185835
111 116 2.67261241912
111 117 2.04124145232
111 124 1.64398987305
111 125 1.54303349962
111 127 1.62221421131
111 128 1.88982236505
111 129 1.52498570333
111 138 2.13200716356
111 139 1.54303349962
111 140 1.9245008973
111 142 1.96116135138
111 146 2.35702260396
111 148 4.472135955
111 149 1.79605302027
111 150 1.50755672289
112 113 1.74077655956
112 117 2.58198889747
112 124 2.35702260396
112 127 1.79605302027
112 128 1.69030850946
112 129 2.67261241912
112 133 2.29415733871
112 134 2.13200716356
112 138 2.18217890236
112 146 1.69030850946
112 147 2.67261241912
112 148 2.88675134595
112 150 1.60128153805
113 116 1.88982236505
113 117 2.35702260396
113 121 2.77350098113
113 125 2.67261241912
113 129 2.18217890236
113 133 2.13200716356
113 138 1.96116135138
113 140 5.7735026919
113 141 2.88675134595
113 142 2.13200716356
113 144 2.04124145232
113 145 1.82574185835
113 146 2.67261241912
113 148 2.29415733871
114 115 1.9245008973
114 120 1.52498570333
114 122 3.01511344578
114 139 1.54303349962
114 143 3.77964473009
114 147 1.64398987305
114 150 1.71498585143
115 122 2.04124145232
115 143 1.96116135138
115 149 1.27000127
115 150 1.56173761889
116 117 1.71498585143
116 121 1.56173761889
116 125 1.82574185835
116 129 1.85695338177
116 133 1.96116135138
116 137 2.58198889747
116 138 1.82574185835
116 140 1.79605302027
116 141 2.2360679775
116 142 1.82574185835
116 144 1.38675049056
116 145 1.82574185835
116 146 2.67261241912
116 148 2.58198889747
116 149 3.33333333333
117 121 1.42857142857
117 125 1.96116135138
117 129 2.58198889747
117 133 2.13200716356
117 134 1.74077655956
117 135 1.42857142857
117 138 7.07106781187
117 140 1.9245008973
117 141 1.54303349962
117 146 1.62221421131
117 148 2.77350098113
118 119 0.819231920519
118 123 0.980580675691
118 132 2.42535625036
118 136 0.99503719021
119 123 2.42535625036
119 131 1.03695169473
119 132 0.741249316661
119 136 1.11803398875
120 135 1.36082763488
120 143 1.47441956155
120 147 1.71498585143
121 125 3.33333333333
121 126 1.52498570333
121 129 1.47441956155
121 133 1.52498570333
121 137 1.54303349962
121 140 2.67261241912
121 141 3.77964473009
121 142 1.64398987305
121 144 4.472135955
121 145 3.33333333333
121 146 1.74077655956
122 128 1.74077655956
122 139 2.0
122 143 3.16227766017
122 150 2.18217890236
123 126 1.03142124626
123 131 1.47441956155
123 132 0.940720868384
123 136 1.42857142857
124 127 5.7735026919
124 128 2.77350098113
124 134 2.67261241912
124 139 2.29415733871
124 143 1.82574185835
124 147 4.08248290464
124 148 1.96116135138
124 150 1.85695338177
125 129 1.69030850946
125 133 1.66666666667
125 137 1.9245008973
125 138 1.96116135138
125 140 2.42535625036
125 141 2.67261241912
125 144 3.16227766017
125 145 2.5
125 146 1.62221421131
125 149 1.60128153805
126 130 2.88675134595
126 131 2.13200716356
126 136 1.34839972493
126 144 1.54303349962
127 128 4.08248290464
127 134 2.29415733871
127 139 3.53553390593
127 143 1.9245008973
127 147 2.58198889747
127 148 1.74077655956
127 150 2.13200716356
128 134 2.18217890236
128 139 7.07106781187
128 143 2.08514414057
128 147 1.79605302027
128 148 1.85695338177
128 150 3.53553390593
129 133 10.0
129 137 1.47441956155
129 138 2.29415733871
129 140 1.62221421131
129 141 1.9245008973
129 144 1.490711985
129 146 1.74077655956
129 147 1.41421356237
129 148 2.13200716356
129 149 1.44337567297
130 131 1.96116135138
130 136 1.0976425999
130 140 1.40028008403
131 136 1.85695338177
132 136 1.07832773203
133 137 1.56173761889
133 138 1.96116135138
133 140 1.60128153805
133 141 2.13200716356
133 144 1.54303349962
133 145 1.50755672289
133 146 1.82574185835
133 148 2.0
133 149 1.490711985
134 135 1.71498585143
134 138 1.69030850946
134 139 1.79605302027
134 147 1.96116135138
134 148 1.71498585143
134 150 1.85695338177
135 143 1.29099444874
137 138 1.45864991498
137 141 2.0
137 144 1.60128153805
137 145 2.29415733871
137 146 1.42857142857
137 149 4.08248290464
138 140 1.69030850946
138 141 1.47441956155
138 146 1.50755672289
138 148 2.58198889747
138 149 1.60128153805
138 150 1.54303349962
139 143 2.08514414057
139 147 1.60128153805
139 150 3.16227766017
140 141 2.42535625036
140 142 2.77350098113
140 144 1.79605302027
140 145 1.74077655956
140 146 2.77350098113
140 148 2.13200716356
141 142 1.82574185835
141 144 2.88675134595
141 145 4.08248290464
141 146 2.35702260396
141 148 1.64398987305
141 149 1.60128153805
142 144 1.23091490979
142 145 1.44337567297
142 146 4.08248290464
142 148 1.9245008973
143 147 1.82574185835
143 150 3.01511344578
144 145 3.16227766017
144 146 1.36082763488
145 146 1.62221421131
145 149 1.60128153805
146 148 2.77350098113
146 149 1.490711985
147 148 1.71498585143
147 150 1.52498570333
148 149 1.62221421131
