
4 18 25 47 49 55 57 75 100 156 158 235 319 337 365 387 430 433 453 480 503 533 574 593 601 721 751 765 782 792 794 795 837 881 886 906 925 969 975 981 988 
64 104 231 264 269 294 331 347 351 384 459 494 616 619 690 717 775 798 817 848 872 883 886 895 899 944 952 979 
150 247 251 271 378 428 435 454 517 618 636 663 704 725 787 845 
33 63 202 204 239 296 319 667 686 715 890 932 
11 22 79 84 96 152 170 218 269 367 506 518 587 665 742 793 801 844 876 891 893 
59 98 129 217 325 400 442 488 542 751 767 932 943 980 
43 102 122 132 286 397 458 470 501 507 508 518 538 603 655 716 747 788 842 877 947 
51 62 64 68 80 92 105 145 151 214 246 248 270 297 334 431 452 530 542 564 565 567 598 602 657 712 726 777 801 808 809 819 839 853 854 862 869 884 888 909 924 951 976 983 985 997 
1 12 41 56 88 130 157 181 204 241 243 281 295 311 360 367 423 427 516 553 556 578 610 640 645 676 677 689 703 727 787 912 921 934 939 963 979 993 
4 10 58 182 197 232 278 376 444 471 505 524 557 594 613 651 672 770 789 810 873 917 933 946 954 
17 35 70 97 114 118 168 186 192 258 285 287 312 339 356 368 383 388 407 410 422 464 487 511 527 531 555 607 626 677 689 711 713 718 720 727 739 757 778 822 856 882 894 900 964 968 994 995 
40 72 113 146 157 172 240 319 329 409 416 429 467 526 543 545 631 682 736 739 766 809 819 831 889 892 908 909 916 920 932 959 971 987 1000 
3 8 25 27 89 91 179 371 375 466 475 609 639 761 806 823 861 865 874 915 937 948 969 
35 52 123 134 147 173 177 216 237 242 259 354 438 441 463 486 513 546 566 638 658 739 746 833 848 850 858 905 914 926 949 957 960 961 962 989 
42 78 103 147 188 190 230 250 271 320 372 544 579 615 752 784 803 846 
14 157 178 336 341 405 406 426 484 486 530 536 540 597 617 643 648 663 677 748 801 818 836 982 991 996 
2 37 65 69 106 208 271 276 282 301 418 434 435 509 566 585 644 659 670 732 733 752 762 773 800 807 819 832 843 868 928 950 977 979 994 
199 210 280 304 361 457 559 564 699 701 705 737 780 805 838 954 
19 26 30 34 60 95 162 169 175 289 315 417 446 482 528 569 582 614 620 632 643 681 722 725 743 752 781 783 785 812 880 896 904 974 978 980 986 990 998 999 
5 23 29 39 93 120 138 195 244 274 281 298 299 369 380 415 442 477 492 523 543 566 584 622 668 728 751 850 897 911 938 
26 49 73 117 119 139 164 166 201 214 249 254 290 320 332 353 362 395 420 421 455 461 485 491 529 534 600 611 641 656 679 688 744 840 841 850 856 875 876 878 892 901 903 930 942 943 966 973 
54 82 126 130 201 212 292 389 401 502 514 572 575 585 652 666 804 829 852 885 890 918 937 
35 49 326 399 402 442 445 576 590 634 734 760 764 791 954 
130 131 144 220 238 268 330 489 608 714 729 761 776 816 876 921 977 
44 52 85 93 215 323 398 456 504 541 606 689 727 864 866 871 943 
21 53 171 233 255 305 317 344 360 447 547 562 589 605 648 710 715 779 830 879 898 929 945 955 984 
16 111 153 260 279 346 387 585 683 856 866 
45 66 148 201 221 261 284 324 333 358 425 474 479 481 486 519 542 549 664 700 702 795 796 799 820 835 920 931 958 992 
28 44 83 204 205 236 364 389 462 473 497 512 513 650 695 698 730 809 814 847 848 927 972 
7 19 38 61 107 112 124 307 313 320 342 390 424 492 514 518 530 551 592 646 709 786 834 863 892 929 941 
32 189 198 265 495 510 513 612 642 671 703 745 763 811 969 
133 206 211 269 288 343 355 400 498 515 
15 104 203 277 293 411 437 485 588 680 694 818 
137 142 149 159 193 194 197 213 214 225 245 263 273 310 314 328 354 373 377 386 414 436 449 476 478 483 496 520 537 565 570 596 623 630 648 660 669 673 693 707 756 769 824 859 866 890 920 940 956 
77 143 154 340 393 499 552 573 580 674 740 741 749 753 761 870 886 887 923 980 
71 174 350 392 401 449 468 511 539 560 571 583 637 768 
6 9 183 209 228 302 312 342 345 359 360 379 381 394 396 403 404 410 443 465 563 604 633 647 649 675 696 774 787 788 902 967 
4 110 116 135 136 165 207 219 272 283 472 558 635 664 690 813 
50 52 64 93 167 200 252 327 338 342 354 413 448 555 577 684 692 708 715 723 745 759 790 826 851 860 929 965 
20 31 81 90 94 115 131 161 196 224 229 267 357 363 385 440 469 493 554 591 654 655 664 691 745 758 821 827 849 857 976 977 994 
163 184 185 227 234 291 309 316 389 410 439 514 581 750 772 788 815 
74 76 87 121 187 226 257 266 318 370 412 432 435 525 535 586 655 706 797 922 936 
128 191 253 300 321 366 400 408 419 449 451 460 490 599 625 629 685 697 719 743 818 825 828 970 
24 86 256 322 485 521 564 624 627 662 690 703 724 771 937 
44 48 99 108 147 306 308 335 387 500 621 628 687 735 743 855 867 
13 19 26 109 125 155 223 275 312 348 349 382 548 550 568 653 661 662 678 754 802 907 909 919 953 
101 104 127 131 141 160 197 222 352 532 662 
36 46 140 262 281 367 374 391 492 511 522 555 561 565 643 725 731 738 755 795 910 913 921 935 976 
25 67 176 180 303 401 450 543 595 663 























































































































































































































































































































































































































































































































































































































































































































































































































































































































































































